,AC,Reserved,General,Female,Male
0,28_S17A28P4_parsed.csv,100,433,269,257
1,59_S17A59P7_parsed.csv,134,543,347,325
2,14_S17A14P1_parsed.csv,167,724,472,406
3,37_S17A37P6_parsed.csv,212,337,297,249
4,42_S17A42P7_parsed.csv,68,260,145,176
5,53_S17A53P14_parsed.csv,342,446,400,383
6,38_S17A38P24_parsed.csv,128,322,230,217
7,60_S17A60P62_parsed.csv,377,643,436,573
8,28_S17A28P25_parsed.csv,95,300,196,197
9,34_S17A34P21_parsed.csv,44,356,207,189
10,50_S17A50P30_parsed.csv,136,352,224,260
11,54_S17A54P28_parsed.csv,115,203,157,152
12,36_S17A36P11_parsed.csv,67,381,230,206
13,54_S17A54P10_parsed.csv,298,616,435,469
14,1_S17A1P28_parsed.csv,13,148,49,112
15,44_S17A44P5_parsed.csv,168,575,356,380
16,38_S17A38P33_parsed.csv,215,286,263,238
17,58_S17A58P31_parsed.csv,224,358,283,291
18,32_S17A32P15_parsed.csv,42,318,187,165
19,26_S17A26P3_parsed.csv,238,622,450,393
20,6_S17A6P26_parsed.csv,17,27,20,24
21,7_S17A7P40_parsed.csv,54,203,134,119
22,12_S17A12P28_parsed.csv,76,224,153,138
23,2_S17A2P62_parsed.csv,336,783,586,526
24,57_S17A57P5_parsed.csv,209,583,378,406
25,49_S17A49P42_parsed.csv,105,215,140,179
26,51_S17A51P4_parsed.csv,169,424,300,283
27,21_S17A21P17_parsed.csv,141,392,251,264
28,21_S17A21P2_parsed.csv,138,399,278,254
29,58_S17A58P1_parsed.csv,290,414,343,354
30,12_S17A12P17_parsed.csv,143,311,241,210
31,28_S17A28P24_parsed.csv,193,460,81,567
32,50_S17A50P38_parsed.csv,91,228,157,161
33,26_S17A26P6_parsed.csv,207,741,487,451
34,25_S17A25P7_parsed.csv,144,594,361,372
35,19_S17A19P1_parsed.csv,57,399,220,230
36,58_S17A58P3_parsed.csv,127,248,191,183
37,34_S17A34P6_parsed.csv,38,285,162,156
38,11_S17A11P1_parsed.csv,146,576,388,334
39,40_S17A40P33_parsed.csv,91,279,167,196
40,20_S17A20P28_parsed.csv,28,47,32,41
41,4_S17A4P78_parsed.csv,32,143,83,92
42,24_S17A24P15_parsed.csv,131,455,294,284
43,50_S17A50P8_parsed.csv,105,279,198,185
44,44_S17A44P12_parsed.csv,250,696,462,475
45,40_S17A40P32_parsed.csv,160,377,279,250
46,21_S17A21P11_parsed.csv,70,243,134,157
47,27_S17A27P2_parsed.csv,239,771,496,488
48,11_S17A11P20_parsed.csv,146,684,424,400
49,7_S17A7P45_parsed.csv,145,474,323,294
50,21_S17A21P30_parsed.csv,195,523,340,372
51,55_S17A55P22_parsed.csv,53,163,101,115
52,29_S17A29P6_parsed.csv,174,654,375,452
53,21_S17A21P5_parsed.csv,116,350,229,232
54,30_S17A30P24_parsed.csv,27,102,72,57
55,9_S17A9P40_parsed.csv,216,704,452,463
56,17_S17A17P28_parsed.csv,21,266,140,139
57,11_S17A11P12_parsed.csv,218,782,497,503
58,5_S17A5P34_parsed.csv,129,528,312,341
59,13_S17A13P2_parsed.csv,48,306,181,169
60,35_S17A35P10_parsed.csv,36,325,176,176
61,43_S17A43P10_parsed.csv,150,394,253,278
62,34_S17A34P24_parsed.csv,85,768,432,416
63,42_S17A42P28_parsed.csv,348,451,397,394
64,18_S17A18P32_parsed.csv,68,450,257,253
65,35_S17A35P37_parsed.csv,17,111,56,70
66,33_S17A33P30_parsed.csv,10,87,55,42
67,26_S17A26P8_parsed.csv,202,794,502,491
68,2_S17A2P1_parsed.csv,36,204,118,118
69,50_S17A50P42_parsed.csv,79,174,111,141
70,17_S17A17P8_parsed.csv,81,530,330,281
71,12_S17A12P36_parsed.csv,115,160,144,128
72,14_S17A14P4_parsed.csv,134,681,448,365
73,39_S17A39P10_parsed.csv,194,713,474,431
74,16_S17A16P6_parsed.csv,55,189,128,116
75,60_S17A60P3_parsed.csv,329,755,509,567
76,6_S17A6P47_parsed.csv,252,386,307,326
77,60_S17A60P24_parsed.csv,58,100,74,82
78,39_S17A39P1_parsed.csv,197,453,324,326
79,12_S17A12P27_parsed.csv,119,549,309,347
80,30_S17A30P8_parsed.csv,85,323,192,210
81,43_S17A43P7_parsed.csv,128,323,205,242
82,17_S17A17P21_parsed.csv,87,593,330,347
83,38_S17A38P2_parsed.csv,157,315,220,250
84,31_S17A31P16_parsed.csv,16,108,64,60
85,56_S17A56P6_parsed.csv,219,618,401,418
86,35_S17A35P19_parsed.csv,81,574,341,313
87,13_S17A13P14_parsed.csv,81,306,187,193
88,56_S17A56P24_parsed.csv,79,95,83,85
89,60_S17A60P35_parsed.csv,130,261,203,186
90,38_S17A38P40_parsed.csv,156,428,316,267
91,44_S17A44P13_parsed.csv,222,569,386,402
92,16_S17A16P11_parsed.csv,156,649,407,384
93,15_S17A15P8_parsed.csv,116,660,406,365
94,60_S17A60P28_parsed.csv,114,223,167,166
95,25_S17A25P19_parsed.csv,162,493,339,309
96,52_S17A52P1_parsed.csv,98,434,254,272
97,36_S17A36P38_parsed.csv,46,298,169,172
98,5_S17A5P38_parsed.csv,32,254,144,142
99,44_S17A44P18_parsed.csv,196,607,339,459
100,28_S17A28P18_parsed.csv,43,155,104,91
101,36_S17A36P1_parsed.csv,64,405,244,219
102,2_S17A2P37_parsed.csv,100,640,369,360
103,52_S17A52P20_parsed.csv,33,147,83,95
104,39_S17A39P26_parsed.csv,186,460,328,318
105,9_S17A9P36_parsed.csv,132,468,316,279
106,18_S17A18P13_parsed.csv,41,168,107,101
107,32_S17A32P11_parsed.csv,91,678,394,375
108,23_S17A23P9_parsed.csv,137,478,318,295
109,54_S17A54P5_parsed.csv,198,413,283,319
110,19_S17A19P34_parsed.csv,72,406,240,231
111,19_S17A19P19_parsed.csv,149,757,444,459
112,33_S17A33P2_parsed.csv,32,182,118,94
113,6_S17A6P41_parsed.csv,161,234,183,207
114,11_S17A11P9_parsed.csv,95,407,258,235
115,52_S17A52P24_parsed.csv,198,544,381,354
116,25_S17A25P1_parsed.csv,110,416,279,244
117,37_S17A37P26_parsed.csv,97,270,191,176
118,60_S17A60P5_parsed.csv,144,431,256,300
119,32_S17A32P21_parsed.csv,39,285,170,151
120,9_S17A9P13_parsed.csv,276,875,588,555
121,40_S17A40P74_parsed.csv,27,156,84,94
122,60_S17A60P56_parsed.csv,32,55,44,43
123,28_S17A28P11_parsed.csv,131,478,302,305
124,55_S17A55P28_parsed.csv,62,327,197,187
125,38_S17A38P37_parsed.csv,131,370,246,254
126,30_S17A30P22_parsed.csv,29,136,86,77
127,40_S17A40P26_parsed.csv,18,72,48,42
128,50_S17A50P12_parsed.csv,106,330,236,195
129,11_S17A11P16_parsed.csv,172,683,430,425
130,28_S17A28P30_parsed.csv,33,76,28,81
131,38_S17A38P50_parsed.csv,169,357,288,237
132,33_S17A33P35_parsed.csv,18,169,89,95
133,9_S17A9P25_parsed.csv,237,671,460,445
134,2_S17A2P6_parsed.csv,180,475,336,319
135,19_S17A19P10_parsed.csv,76,495,292,277
136,30_S17A30P6_parsed.csv,113,340,223,227
137,38_S17A38P21_parsed.csv,139,336,250,224
138,10_S17A10P3_parsed.csv,60,282,170,171
139,24_S17A24P8_parsed.csv,189,634,402,401
140,17_S17A17P23_parsed.csv,99,415,256,256
141,16_S17A16P26_parsed.csv,308,657,499,461
142,47_S17A47P4_parsed.csv,198,605,375,427
143,49_S17A49P5_parsed.csv,101,224,175,148
144,40_S17A40P17_parsed.csv,18,125,74,69
145,9_S17A9P37_parsed.csv,182,607,365,420
146,49_S17A49P35_parsed.csv,60,229,138,147
147,7_S17A7P21_parsed.csv,232,758,498,489
148,39_S17A39P37_parsed.csv,133,421,258,296
149,18_S17A18P30_parsed.csv,124,643,415,348
150,4_S17A4P11_parsed.csv,99,756,433,422
151,4_S17A4P21_parsed.csv,131,597,364,361
152,15_S17A15P24_parsed.csv,130,643,434,333
153,22_S17A22P21_parsed.csv,178,603,375,406
154,47_S17A47P5_parsed.csv,198,477,311,360
155,9_S17A9P5_parsed.csv,192,639,406,417
156,3_S17A3P9_parsed.csv,415,642,573,476
157,45_S17A45P27_parsed.csv,62,189,111,138
158,15_S17A15P14_parsed.csv,102,473,280,293
159,55_S17A55P21_parsed.csv,88,257,165,174
160,24_S17A24P17_parsed.csv,166,576,356,384
161,19_S17A19P28_parsed.csv,9,57,31,35
162,10_S17A10P19_parsed.csv,117,550,319,340
163,46_S17A46P11_parsed.csv,205,536,357,363
164,3_S17A3P30_parsed.csv,80,414,244,249
165,2_S17A2P66_parsed.csv,56,497,265,285
166,50_S17A50P13_parsed.csv,128,301,216,213
167,50_S17A50P18_parsed.csv,226,372,294,303
168,19_S17A19P24_parsed.csv,111,458,294,266
169,4_S17A4P60_parsed.csv,193,572,386,375
170,21_S17A21P9_parsed.csv,84,282,153,211
171,5_S17A5P6_parsed.csv,67,369,210,226
172,57_S17A57P2_parsed.csv,186,511,338,354
173,43_S17A43P11_parsed.csv,129,284,200,203
174,28_S17A28P8_parsed.csv,179,680,434,413
175,59_S17A59P38_parsed.csv,16,91,55,52
176,59_S17A59P26_parsed.csv,56,201,128,124
177,19_S17A19P8_parsed.csv,149,846,476,510
178,37_S17A37P17_parsed.csv,79,259,165,171
179,58_S17A58P24_parsed.csv,171,306,251,223
180,57_S17A57P12_parsed.csv,264,718,502,469
181,18_S17A18P25_parsed.csv,28,196,102,120
182,6_S17A6P40_parsed.csv,88,148,117,119
183,24_S17A24P11_parsed.csv,176,482,324,334
184,10_S17A10P16_parsed.csv,166,671,437,399
185,45_S17A45P26_parsed.csv,59,262,143,170
186,49_S17A49P26_parsed.csv,132,271,193,209
187,12_S17A12P1_parsed.csv,100,522,318,296
188,27_S17A27P1_parsed.csv,178,509,349,319
189,55_S17A55P11_parsed.csv,117,462,311,268
190,17_S17A17P29_parsed.csv,66,248,160,152
191,38_S17A38P30_parsed.csv,155,431,289,293
192,11_S17A11P33_parsed.csv,53,209,136,123
193,23_S17A23P11_parsed.csv,152,553,357,343
194,51_S17A51P9_parsed.csv,42,101,72,67
195,37_S17A37P19_parsed.csv,202,684,467,413
196,20_S17A20P37_parsed.csv,93,296,210,179
197,2_S17A2P20_parsed.csv,56,383,187,250
198,22_S17A22P18_parsed.csv,115,433,265,280
199,49_S17A49P22_parsed.csv,187,344,254,275
200,49_S17A49P47_parsed.csv,126,233,178,176
201,28_S17A28P12_parsed.csv,157,575,388,337
202,17_S17A17P31_parsed.csv,52,444,267,226
203,50_S17A50P47_parsed.csv,183,362,272,270
204,34_S17A34P31_parsed.csv,23,201,116,107
205,35_S17A35P27_parsed.csv,130,1051,604,563
206,18_S17A18P31_parsed.csv,85,599,368,311
207,49_S17A49P12_parsed.csv,188,407,285,298
208,2_S17A2P35_parsed.csv,147,789,481,449
209,30_S17A30P29_parsed.csv,66,223,151,137
210,21_S17A21P7_parsed.csv,83,270,157,192
211,7_S17A7P63_parsed.csv,37,83,49,71
212,19_S17A19P14_parsed.csv,83,462,259,285
213,28_S17A28P13_parsed.csv,43,124,88,79
214,42_S17A42P10_parsed.csv,22,68,41,48
215,13_S17A13P3_parsed.csv,78,429,240,259
216,29_S17A29P3_parsed.csv,135,434,297,266
217,43_S17A43P9_parsed.csv,175,448,294,318
218,2_S17A2P25_parsed.csv,34,320,168,181
219,3_S17A3P7_parsed.csv,114,532,332,308
220,28_S17A28P2_parsed.csv,214,643,454,395
221,46_S17A46P15_parsed.csv,160,455,277,335
222,55_S17A55P29_parsed.csv,45,152,104,92
223,17_S17A17P22_parsed.csv,101,453,295,259
224,2_S17A2P10_parsed.csv,97,240,189,144
225,39_S17A39P27_parsed.csv,44,147,103,87
226,1_S17A1P31_parsed.csv,109,648,352,388
227,2_S17A2P53_parsed.csv,196,557,397,352
228,20_S17A20P48_parsed.csv,108,424,239,290
229,1_S17A1P36_parsed.csv,84,690,343,418
230,41_S17A41P30_parsed.csv,139,487,279,340
231,8_parsed.csv,13,148,49,112
232,5_S17A5P15_parsed.csv,77,357,215,208
233,12_S17A12P19_parsed.csv,234,628,452,407
234,6_S17A6P32_parsed.csv,53,235,151,137
235,6_S17A6P14_parsed.csv,193,620,426,377
236,16_S17A16P18_parsed.csv,103,355,229,223
237,10_S17A10P22_parsed.csv,114,463,286,275
238,23_S17A23P13_parsed.csv,143,654,388,403
239,56_S17A56P19_parsed.csv,175,450,298,302
240,20_S17A20P51_parsed.csv,16,134,74,75
241,34_S17A34P5_parsed.csv,35,294,155,172
242,8_S17A8P17_parsed.csv,187,652,417,414
243,50_S17A50P34_parsed.csv,120,270,179,209
244,9_S17A9P8_parsed.csv,180,609,370,403
245,10_S17A10P14_parsed.csv,116,526,357,282
246,3_S17A3P43_parsed.csv,42,658,363,333
247,8_S17A8P8_parsed.csv,95,546,318,319
248,39_S17A39P14_parsed.csv,155,402,250,307
249,13_S17A13P19_parsed.csv,114,540,302,341
250,30_S17A30P17_parsed.csv,163,678,432,407
251,54_S17A54P6_parsed.csv,88,333,181,234
252,7_S17A7P9_parsed.csv,23,57,38,42
253,23_S17A23P15_parsed.csv,23,79,52,49
254,23_S17A23P3_parsed.csv,123,462,302,279
255,37_S17A37P25_parsed.csv,59,111,88,81
256,20_S17A20P1_parsed.csv,36,187,115,108
257,12_S17A12P7_parsed.csv,139,566,359,343
258,4_S17A4P98_parsed.csv,44,277,141,176
259,35_S17A35P9_parsed.csv,55,435,240,242
260,13_S17A13P1_parsed.csv,105,590,351,340
261,47_S17A47P16_parsed.csv,139,564,361,339
262,53_S17A53P30_parsed.csv,320,579,453,435
263,5_S17A5P51_parsed.csv,57,278,157,174
264,2_S17A2P36_parsed.csv,90,402,254,236
265,17_S17A17P26_parsed.csv,74,620,346,342
266,60_S17A60P16_parsed.csv,100,246,193,153
267,50_S17A50P45_parsed.csv,88,231,168,149
268,2_S17A2P40_parsed.csv,63,482,266,273
269,54_S17A54P3_parsed.csv,131,341,221,247
270,17_S17A17P13_parsed.csv,62,453,264,248
271,13_S17A13P11_parsed.csv,38,235,146,119
272,12_S17A12P30_parsed.csv,60,213,136,135
273,58_S17A58P7_parsed.csv,391,584,481,488
274,14_S17A14P16_parsed.csv,138,477,327,273
275,54_S17A54P13_parsed.csv,167,494,335,318
276,53_S17A53P12_parsed.csv,306,630,462,469
277,11_S17A11P21_parsed.csv,210,825,533,498
278,14_S17A14P17_parsed.csv,59,243,155,143
279,48_S17A48P11_parsed.csv,181,523,318,385
280,37_S17A37P18_parsed.csv,133,570,354,339
281,2_S17A2P26_parsed.csv,200,596,404,390
282,48_S17A48P16_parsed.csv,205,753,453,498
283,2_S17A2P34_parsed.csv,224,704,460,456
284,42_S17A42P16_parsed.csv,82,249,158,172
285,41_S17A41P15_parsed.csv,53,177,101,128
286,27_S17A27P3_parsed.csv,320,999,659,611
287,56_S17A56P20_parsed.csv,29,79,52,56
288,50_S17A50P24_parsed.csv,175,341,262,248
289,15_S17A15P10_parsed.csv,81,515,317,275
290,2_S17A2P51_parsed.csv,246,998,637,600
291,6_S17A6P4_parsed.csv,149,443,299,282
292,1_S17A1P21_parsed.csv,348,744,558,526
293,22_S17A22P7_parsed.csv,159,582,362,376
294,49_S17A49P27_parsed.csv,123,235,159,197
295,21_S17A21P28_parsed.csv,134,484,291,317
296,44_S17A44P6_parsed.csv,138,395,207,318
297,34_S17A34P9_parsed.csv,125,677,388,404
298,26_S17A26P9_parsed.csv,147,552,350,344
299,58_S17A58P30_parsed.csv,338,561,443,452
300,28_S17A28P19_parsed.csv,110,366,239,235
301,58_S17A58P15_parsed.csv,44,101,70,75
302,21_S17A21P12_parsed.csv,127,519,304,337
303,20_S17A20P2_parsed.csv,41,259,156,144
304,49_S17A49P44_parsed.csv,83,174,122,131
305,33_S17A33P29_parsed.csv,188,436,89,526
306,58_S17A58P20_parsed.csv,111,211,160,159
307,44_S17A44P19_parsed.csv,255,759,374,631
308,32_S17A32P5_parsed.csv,89,633,394,327
309,56_S17A56P17_parsed.csv,215,722,460,469
310,1_S17A1P2_parsed.csv,13,94,47,58
311,4_S17A4P54_parsed.csv,135,505,307,333
312,39_S17A39P19_parsed.csv,83,242,167,158
313,18_S17A18P1_parsed.csv,110,727,467,363
314,20_S17A20P25_parsed.csv,126,277,193,206
315,28_S17A28P26_parsed.csv,115,459,316,254
316,36_S17A36P35_parsed.csv,33,274,161,145
317,10_S17A10P13_parsed.csv,90,444,303,220
318,60_S17A60P25_parsed.csv,63,154,112,100
319,42_S17A42P32_parsed.csv,14,89,43,59
320,16_S17A16P25_parsed.csv,136,302,226,206
321,39_S17A39P12_parsed.csv,210,666,454,420
322,30_S17A30P1_parsed.csv,95,321,204,212
323,21_S17A21P6_parsed.csv,139,372,263,234
324,13_S17A13P17_parsed.csv,67,517,304,277
325,3_S17A3P4_parsed.csv,123,561,360,317
326,3_S17A3P34_parsed.csv,20,202,105,117
327,31_S17A31P13_parsed.csv,57,492,274,269
328,19_S17A19P23_parsed.csv,133,547,354,316
329,1_S17A1P17_parsed.csv,31,248,146,131
330,2_S17A2P32_parsed.csv,213,646,461,392
331,12_S17A12P24_parsed.csv,127,488,328,276
332,26_S17A26P15_parsed.csv,169,752,454,463
333,60_S17A60P6_parsed.csv,231,840,495,556
334,16_S17A16P14_parsed.csv,118,354,231,233
335,41_S17A41P32_parsed.csv,52,180,114,114
336,6_S17A6P11_parsed.csv,20,47,32,35
337,20_S17A20P39_parsed.csv,108,609,377,336
338,11_S17A11P19_parsed.csv,54,366,216,199
339,4_S17A4P73_parsed.csv,53,521,292,282
340,38_S17A38P7_parsed.csv,125,241,196,170
341,2_S17A2P12_parsed.csv,206,666,452,417
342,50_S17A50P41_parsed.csv,33,67,49,51
343,5_S17A5P25_parsed.csv,24,209,123,110
344,59_S17A59P44_parsed.csv,165,490,281,367
345,7_S17A7P1_parsed.csv,143,429,306,255
346,17_S17A17P20_parsed.csv,138,545,343,322
347,35_S17A35P23_parsed.csv,56,370,234,188
348,2_S17A2P38_parsed.csv,240,720,488,467
349,55_S17A55P10_parsed.csv,164,462,311,306
350,18_S17A18P24_parsed.csv,67,335,198,201
351,29_S17A29P7_parsed.csv,84,298,185,196
352,1_S17A1P27_parsed.csv,134,607,375,348
353,26_S17A26P2_parsed.csv,178,559,367,364
354,32_S17A32P24_parsed.csv,16,105,73,48
355,7_parsed.csv,42,207,111,135
356,55_S17A55P15_parsed.csv,126,447,294,277
357,40_S17A40P31_parsed.csv,53,147,103,92
358,5_S17A5P50_parsed.csv,63,377,239,201
359,60_S17A60P1_parsed.csv,219,603,373,429
360,52_S17A52P7_parsed.csv,225,724,451,491
361,1_S17A1P14_parsed.csv,34,198,105,127
362,54_S17A54P18_parsed.csv,175,213,183,199
363,40_S17A40P22_parsed.csv,53,220,130,142
364,22_S17A22P3_parsed.csv,166,516,330,352
365,37_S17A37P14_parsed.csv,212,544,370,385
366,42_S17A42P22_parsed.csv,180,528,353,348
367,4_S17A4P53_parsed.csv,130,551,347,330
368,36_S17A36P39_parsed.csv,24,188,103,108
369,56_S17A56P21_parsed.csv,38,164,93,105
370,34_S17A34P28_parsed.csv,31,175,109,96
371,45_S17A45P22_parsed.csv,73,317,160,226
372,40_S17A40P24_parsed.csv,48,142,83,107
373,35_S17A35P26_parsed.csv,120,688,382,400
374,8_S17A8P10_parsed.csv,25,209,120,114
375,34_S17A34P33_parsed.csv,56,307,192,170
376,35_S17A35P15_parsed.csv,53,465,247,258
377,11_S17A11P18_parsed.csv,48,197,122,123
378,11_S17A11P30_parsed.csv,37,178,122,91
379,9_S17A9P19_parsed.csv,178,643,415,400
380,60_S17A60P32_parsed.csv,238,319,251,304
381,12_S17A12P32_parsed.csv,98,154,131,120
382,4_S17A4P39_parsed.csv,81,423,249,252
383,16_S17A16P29_parsed.csv,64,380,246,197
384,10_S17A10P10_parsed.csv,104,865,495,462
385,51_S17A51P16_parsed.csv,91,221,156,155
386,25_S17A25P21_parsed.csv,199,684,447,426
387,20_S17A20P33_parsed.csv,53,332,174,211
388,59_S17A59P12_parsed.csv,27,167,97,94
389,52_S17A52P32_parsed.csv,205,626,399,426
390,36_S17A36P18_parsed.csv,33,177,97,113
391,30_S17A30P20_parsed.csv,111,297,201,207
392,40_S17A40P52_parsed.csv,12,55,33,32
393,23_S17A23P2_parsed.csv,150,525,331,336
394,33_S17A33P28_parsed.csv,11,92,49,53
395,35_S17A35P29_parsed.csv,60,561,316,300
396,40_S17A40P75_parsed.csv,195,470,324,330
397,6_S17A6P44_parsed.csv,104,156,127,128
398,42_S17A42P3_parsed.csv,93,297,184,203
399,4_S17A4P91_parsed.csv,87,280,182,181
400,13_S17A13P5_parsed.csv,52,186,118,116
401,20_S17A20P26_parsed.csv,39,58,49,48
402,11_S17A11P22_parsed.csv,179,897,596,474
403,1_S17A1P26_parsed.csv,198,629,414,409
404,50_S17A50P26_parsed.csv,170,351,247,271
405,45_S17A45P20_parsed.csv,129,420,249,297
406,12_S17A12P11_parsed.csv,65,95,86,74
407,25_S17A25P5_parsed.csv,175,458,350,275
408,34_S17A34P17_parsed.csv,38,285,171,145
409,48_S17A48P15_parsed.csv,286,807,545,539
410,30_S17A30P13_parsed.csv,55,175,106,118
411,25_S17A25P10_parsed.csv,35,155,96,87
412,35_S17A35P34_parsed.csv,85,560,321,318
413,12_S17A12P20_parsed.csv,114,437,295,248
414,37_S17A37P15_parsed.csv,334,578,455,452
415,36_S17A36P14_parsed.csv,105,558,335,320
416,52_S17A52P26_parsed.csv,99,259,175,178
417,8_S17A8P2_parsed.csv,183,851,521,499
418,2_S17A2P54_parsed.csv,115,708,435,383
419,6_S17A6P50_parsed.csv,61,121,100,82
420,56_S17A56P18_parsed.csv,106,207,156,150
421,16_S17A16P21_parsed.csv,149,351,250,247
422,41_S17A41P17_parsed.csv,109,300,207,195
423,8_S17A8P7_parsed.csv,78,259,168,160
424,40_S17A40P25_parsed.csv,57,141,100,98
425,11_S17A11P39_parsed.csv,9,89,52,46
426,53_S17A53P18_parsed.csv,275,620,436,456
427,42_S17A42P24_parsed.csv,179,352,241,289
428,6_S17A6P22_parsed.csv,53,284,163,166
429,7_S17A7P60_parsed.csv,26,122,67,76
430,15_S17A15P9_parsed.csv,127,727,470,382
431,18_S17A18P11_parsed.csv,71,505,291,284
432,49_S17A49P3_parsed.csv,18,73,37,54
433,50_S17A50P4_parsed.csv,162,358,263,254
434,6_S17A6P21_parsed.csv,58,257,154,155
435,31_S17A31P5_parsed.csv,87,504,274,314
436,40_S17A40P46_parsed.csv,307,743,518,528
437,5_S17A5P46_parsed.csv,112,665,376,398
438,6_S17A6P35_parsed.csv,117,425,259,278
439,55_S17A55P14_parsed.csv,153,640,375,414
440,2_S17A2P57_parsed.csv,30,370,186,212
441,4_S17A4P66_parsed.csv,109,456,311,251
442,20_S17A20P19_parsed.csv,16,74,47,43
443,8_S17A8P21_parsed.csv,115,545,345,314
444,33_S17A33P27_parsed.csv,21,142,81,81
445,2_S17A2P59_parsed.csv,133,407,269,271
446,7_S17A7P29_parsed.csv,186,636,399,390
447,60_S17A60P29_parsed.csv,86,138,108,116
448,11_S17A11P37_parsed.csv,89,444,275,257
449,33_S17A33P24_parsed.csv,45,417,223,234
450,20_S17A20P21_parsed.csv,62,424,232,254
451,44_S17A44P8_parsed.csv,147,415,212,343
452,41_S17A41P9_parsed.csv,70,348,191,218
453,22_S17A22P13_parsed.csv,135,610,396,348
454,36_S17A36P19_parsed.csv,65,412,243,230
455,8_S17A8P11_parsed.csv,67,371,232,199
456,34_S17A34P29_parsed.csv,63,432,256,237
457,59_S17A59P40_parsed.csv,17,91,56,49
458,50_S17A50P48_parsed.csv,107,199,152,152
459,2_S17A2P27_parsed.csv,221,562,391,389
460,40_S17A40P50_parsed.csv,101,342,218,213
461,4_S17A4P19_parsed.csv,90,494,303,278
462,33_S17A33P3_parsed.csv,64,475,283,252
463,60_S17A60P54_parsed.csv,21,42,29,33
464,48_S17A48P8_parsed.csv,123,527,311,332
465,50_S17A50P58_parsed.csv,250,459,356,336
466,19_S17A19P37_parsed.csv,59,376,223,207
467,30_S17A30P15_parsed.csv,195,816,521,485
468,38_S17A38P12_parsed.csv,112,301,213,200
469,12_S17A12P12_parsed.csv,167,630,405,382
470,45_S17A45P16_parsed.csv,79,304,175,207
471,60_S17A60P8_parsed.csv,209,579,373,401
472,4_S17A4P82_parsed.csv,41,129,85,84
473,18_S17A18P27_parsed.csv,84,614,372,324
474,29_S17A29P14_parsed.csv,129,435,265,297
475,9_S17A9P12_parsed.csv,148,538,340,336
476,60_S17A60P44_parsed.csv,34,70,51,51
477,57_S17A57P6_parsed.csv,244,685,444,475
478,7_S17A7P7_parsed.csv,62,172,113,114
479,18_S17A18P36_parsed.csv,66,435,271,228
480,4_S17A4P59_parsed.csv,192,687,432,443
481,51_S17A51P5_parsed.csv,171,391,272,279
482,54_S17A54P4_parsed.csv,111,291,183,212
483,13_S17A13P7_parsed.csv,79,405,241,235
484,16_S17A16P28_parsed.csv,98,491,293,295
485,7_S17A7P50_parsed.csv,207,381,293,277
486,41_S17A41P19_parsed.csv,197,633,378,437
487,45_S17A45P10_parsed.csv,112,482,277,313
488,4_S17A4P55_parsed.csv,207,731,480,445
489,35_S17A35P36_parsed.csv,13,98,60,51
490,11_S17A11P34_parsed.csv,16,68,40,42
491,5_S17A5P18_parsed.csv,56,247,158,143
492,23_S17A23P8_parsed.csv,187,681,434,424
493,2_S17A2P30_parsed.csv,114,328,236,203
494,11_S17A11P23_parsed.csv,73,349,219,196
495,49_S17A49P25_parsed.csv,96,285,166,213
496,47_S17A47P14_parsed.csv,72,221,139,153
497,8_S17A8P16_parsed.csv,192,620,408,398
498,53_S17A53P3_parsed.csv,226,480,324,371
499,19_S17A19P30_parsed.csv,79,347,225,194
500,40_S17A40P66_parsed.csv,31,75,59,47
501,38_S17A38P14_parsed.csv,151,351,264,231
502,59_S17A59P43_parsed.csv,100,405,259,246
503,57_S17A57P1_parsed.csv,190,406,323,268
504,32_S17A32P20_parsed.csv,38,349,193,188
505,49_S17A49P17_parsed.csv,123,228,174,175
506,22_S17A22P4_parsed.csv,85,279,180,164
507,4_S17A4P31_parsed.csv,143,376,278,238
508,6_S17A6P53_parsed.csv,167,501,363,305
509,20_S17A20P16_parsed.csv,65,398,229,234
510,22_S17A22P1_parsed.csv,155,690,450,395
511,55_S17A55P12_parsed.csv,28,146,88,81
512,26_S17A26P13_parsed.csv,130,492,308,314
513,40_S17A40P12_parsed.csv,40,73,55,58
514,7_S17A7P35_parsed.csv,89,456,250,294
515,50_S17A50P27_parsed.csv,172,421,303,288
516,6_S17A6P8_parsed.csv,167,521,330,351
517,53_S17A53P1_parsed.csv,182,360,267,270
518,6_S17A6P18_parsed.csv,222,449,314,344
519,31_S17A31P4_parsed.csv,63,483,279,266
520,41_S17A41P5_parsed.csv,123,462,277,305
521,60_S17A60P34_parsed.csv,121,182,127,176
522,48_S17A48P18_parsed.csv,82,303,168,215
523,23_S17A23P20_parsed.csv,74,319,194,195
524,47_S17A47P15_parsed.csv,37,131,81,82
525,51_S17A51P18_parsed.csv,54,128,85,96
526,30_S17A30P11_parsed.csv,63,198,115,144
527,10_S17A10P7_parsed.csv,151,464,315,300
528,13_S17A13P29_parsed.csv,49,333,177,202
529,7_S17A7P6_parsed.csv,17,70,44,43
530,13_S17A13P28_parsed.csv,72,330,193,205
531,4_S17A4P50_parsed.csv,216,850,529,529
532,41_S17A41P29_parsed.csv,96,324,164,254
533,9_S17A9P35_parsed.csv,172,678,437,408
534,20_S17A20P22_parsed.csv,5,93,48,50
535,38_S17A38P16_parsed.csv,145,307,215,236
536,36_S17A36P22_parsed.csv,18,191,99,110
537,49_S17A49P8_parsed.csv,101,291,194,198
538,24_S17A24P14_parsed.csv,229,785,494,496
539,60_S17A60P48_parsed.csv,206,609,356,447
540,4_S17A4P48_parsed.csv,90,252,171,168
541,40_S17A40P72_parsed.csv,22,178,89,110
542,53_S17A53P15_parsed.csv,303,548,420,424
543,40_S17A40P9_parsed.csv,101,379,239,235
544,24_S17A24P20_parsed.csv,181,574,352,402
545,47_S17A47P19_parsed.csv,141,576,339,373
546,2_S17A2P7_parsed.csv,255,922,629,542
547,55_S17A55P17_parsed.csv,350,813,571,577
548,55_S17A55P4_parsed.csv,42,228,125,142
549,40_S17A40P54_parsed.csv,21,57,35,40
550,57_S17A57P27_parsed.csv,110,135,113,129
551,4_S17A4P76_parsed.csv,222,917,523,610
552,38_S17A38P6_parsed.csv,170,486,319,336
553,44_S17A44P7_parsed.csv,96,291,155,227
554,39_S17A39P16_parsed.csv,148,336,246,238
555,11_S17A11P36_parsed.csv,67,369,223,211
556,38_S17A38P53_parsed.csv,198,464,324,335
557,32_S17A32P19_parsed.csv,31,323,190,157
558,5_S17A5P37_parsed.csv,10,94,53,51
559,21_S17A21P19_parsed.csv,199,701,433,462
560,14_S17A14P12_parsed.csv,107,536,339,297
561,24_S17A24P13_parsed.csv,98,294,179,211
562,21_S17A21P18_parsed.csv,224,651,438,429
563,54_S17A54P25_parsed.csv,203,313,268,245
564,37_S17A37P7_parsed.csv,287,714,485,507
565,4_S17A4P71_parsed.csv,91,576,360,307
566,6_S17A6P28_parsed.csv,99,207,142,159
567,18_S17A18P12_parsed.csv,81,617,380,314
568,15_S17A15P11_parsed.csv,88,552,353,283
569,40_S17A40P1_parsed.csv,183,548,384,345
570,44_S17A44P16_parsed.csv,244,584,391,433
571,21_S17A21P21_parsed.csv,157,505,314,338
572,6_S17A6P9_parsed.csv,96,286,186,195
573,57_S17A57P16_parsed.csv,137,265,196,200
574,32_S17A32P3_parsed.csv,113,801,463,441
575,17_S17A17P4_parsed.csv,108,502,319,289
576,44_S17A44P4_parsed.csv,133,500,301,326
577,7_S17A7P44_parsed.csv,168,428,310,286
578,5_S17A5P10_parsed.csv,91,424,256,254
579,23_S17A23P7_parsed.csv,92,333,206,216
580,5_S17A5P32_parsed.csv,124,686,398,404
581,8_S17A8P23_parsed.csv,190,789,520,453
582,14_S17A14P3_parsed.csv,170,614,402,367
583,12_S17A12P35_parsed.csv,283,544,411,407
584,33_S17A33P21_parsed.csv,31,168,105,94
585,7_S17A7P52_parsed.csv,183,438,337,284
586,30_S17A30P7_parsed.csv,157,451,324,278
587,14_S17A14P2_parsed.csv,194,820,544,456
588,34_S17A34P26_parsed.csv,50,281,179,152
589,49_S17A49P20_parsed.csv,148,244,215,175
590,59_S17A59P41_parsed.csv,17,122,71,65
591,17_S17A17P16_parsed.csv,226,557,388,391
592,45_S17A45P18_parsed.csv,144,410,250,302
593,3_S17A3P2_parsed.csv,170,614,395,386
594,17_S17A17P24_parsed.csv,91,552,329,311
595,59_S17A59P32_parsed.csv,201,636,447,382
596,21_S17A21P4_parsed.csv,203,622,410,405
597,53_S17A53P21_parsed.csv,70,165,117,116
598,51_S17A51P15_parsed.csv,110,180,137,148
599,41_S17A41P24_parsed.csv,269,663,438,482
600,59_S17A59P34_parsed.csv,29,168,104,93
601,37_S17A37P32_parsed.csv,148,438,323,255
602,38_S17A38P49_parsed.csv,116,383,248,244
603,42_S17A42P26_parsed.csv,139,320,230,208
604,4_S17A4P15_parsed.csv,51,330,167,213
605,40_S17A40P6_parsed.csv,75,290,180,185
606,9_S17A9P10_parsed.csv,99,391,245,239
607,35_S17A35P28_parsed.csv,33,224,134,121
608,40_S17A40P11_parsed.csv,276,705,519,441
609,35_S17A35P12_parsed.csv,88,700,388,393
610,24_S17A24P9_parsed.csv,151,421,261,299
611,25_S17A25P12_parsed.csv,230,638,455,409
612,40_S17A40P59_parsed.csv,179,544,361,360
613,32_S17A32P16_parsed.csv,68,528,302,294
614,38_S17A38P5_parsed.csv,149,331,253,227
615,49_S17A49P31_parsed.csv,73,188,134,127
616,21_S17A21P16_parsed.csv,151,506,333,322
617,50_S17A50P25_parsed.csv,130,286,209,201
618,28_S17A28P1_parsed.csv,164,423,289,293
619,4_S17A4P51_parsed.csv,137,553,358,326
620,36_S17A36P6_parsed.csv,53,447,241,254
621,6_S17A6P6_parsed.csv,137,343,245,235
622,23_S17A23P14_parsed.csv,152,607,369,386
623,59_S17A59P18_parsed.csv,62,420,251,224
624,7_S17A7P4_parsed.csv,178,520,367,310
625,25_S17A25P22_parsed.csv,152,638,412,373
626,36_S17A36P7_parsed.csv,130,727,432,416
627,20_S17A20P30_parsed.csv,27,74,47,53
628,14_S17A14P8_parsed.csv,121,466,320,264
629,2_S17A2P21_parsed.csv,27,307,143,189
630,4_S17A4P29_parsed.csv,224,761,526,455
631,45_S17A45P1_parsed.csv,128,353,209,265
632,54_S17A54P2_parsed.csv,186,476,326,332
633,40_S17A40P7_parsed.csv,70,282,179,173
634,49_S17A49P38_parsed.csv,34,78,54,58
635,8_S17A8P19_parsed.csv,95,382,246,226
636,53_S17A53P5_parsed.csv,339,836,558,609
637,37_S17A37P16_parsed.csv,201,554,363,386
638,43_S17A43P14_parsed.csv,191,710,418,479
639,5_S17A5P20_parsed.csv,48,233,146,132
640,39_S17A39P13_parsed.csv,172,578,362,387
641,16_S17A16P20_parsed.csv,181,452,338,291
642,60_S17A60P40_parsed.csv,42,64,57,49
643,24_S17A24P5_parsed.csv,176,628,369,435
644,38_S17A38P56_parsed.csv,112,278,179,205
645,23_S17A23P16_parsed.csv,29,102,53,76
646,7_S17A7P31_parsed.csv,129,358,226,211
647,15_S17A15P22_parsed.csv,89,594,378,302
648,4_S17A4P1_parsed.csv,72,352,218,203
649,30_S17A30P31_parsed.csv,25,112,63,68
650,50_S17A50P57_parsed.csv,91,166,120,132
651,7_S17A7P48_parsed.csv,336,477,410,399
652,16_S17A16P7_parsed.csv,115,355,256,210
653,60_S17A60P31_parsed.csv,210,266,211,264
654,59_S17A59P6_parsed.csv,122,440,319,239
655,1_S17A1P8_parsed.csv,94,431,228,286
656,10_S17A10P1_parsed.csv,162,572,388,342
657,2_S17A2P65_parsed.csv,186,503,362,322
658,22_S17A22P6_parsed.csv,99,537,304,325
659,50_S17A50P56_parsed.csv,28,63,33,58
660,39_S17A39P15_parsed.csv,162,545,378,328
661,41_S17A41P34_parsed.csv,103,465,287,272
662,20_S17A20P17_parsed.csv,82,527,317,292
663,52_S17A52P30_parsed.csv,164,499,302,356
664,30_S17A30P12_parsed.csv,71,238,156,151
665,13_S17A13P31_parsed.csv,60,362,210,201
666,10_S17A10P8_parsed.csv,144,509,335,318
667,17_S17A17P18_parsed.csv,42,501,272,271
668,34_S17A34P3_parsed.csv,58,456,243,268
669,52_S17A52P17_parsed.csv,171,569,345,387
670,6_S17A6P42_parsed.csv,111,196,166,137
671,4_S17A4P75_parsed.csv,39,292,171,160
672,2_S17A2P69_parsed.csv,342,832,599,566
673,21_S17A21P24_parsed.csv,143,402,251,283
674,41_S17A41P1_parsed.csv,264,776,517,505
675,37_S17A37P13_parsed.csv,261,515,419,351
676,46_S17A46P14_parsed.csv,145,392,264,267
677,9_S17A9P15_parsed.csv,127,593,365,346
678,13_S17A13P30_parsed.csv,52,361,194,200
679,50_S17A50P19_parsed.csv,316,649,446,515
680,28_S17A28P16_parsed.csv,190,614,408,390
681,7_S17A7P57_parsed.csv,56,164,103,117
682,36_S17A36P34_parsed.csv,30,169,92,107
683,36_S17A36P5_parsed.csv,83,513,315,275
684,4_S17A4P36_parsed.csv,159,645,410,391
685,50_S17A50P22_parsed.csv,200,368,265,301
686,2_S17A2P47_parsed.csv,281,889,600,565
687,34_S17A34P15_parsed.csv,45,389,233,201
688,56_S17A56P11_parsed.csv,101,341,229,205
689,36_S17A36P27_parsed.csv,32,306,175,157
690,56_S17A56P14_parsed.csv,133,290,190,228
691,35_S17A35P11_parsed.csv,85,675,345,406
692,12_S17A12P37_parsed.csv,123,597,392,327
693,21_S17A21P29_parsed.csv,67,240,147,160
694,2_S17A2P56_parsed.csv,141,713,393,456
695,53_S17A53P28_parsed.csv,227,489,336,380
696,38_S17A38P47_parsed.csv,109,265,183,189
697,59_S17A59P35_parsed.csv,123,284,207,198
698,3_S17A3P33_parsed.csv,105,594,321,368
699,22_S17A22P10_parsed.csv,123,366,217,271
700,12_S17A12P43_parsed.csv,110,506,321,291
701,4_S17A4P83_parsed.csv,19,106,64,61
702,59_S17A59P10_parsed.csv,130,563,373,317
703,6_S17A6P43_parsed.csv,371,816,549,628
704,18_S17A18P26_parsed.csv,124,666,412,369
705,14_S17A14P9_parsed.csv,125,890,511,496
706,53_S17A53P10_parsed.csv,227,520,339,403
707,39_S17A39P7_parsed.csv,105,313,200,218
708,55_S17A55P30_parsed.csv,80,293,177,195
709,50_S17A50P33_parsed.csv,106,355,209,250
710,11_S17A11P10_parsed.csv,84,336,213,201
711,11_S17A11P38_parsed.csv,71,301,191,178
712,46_S17A46P8_parsed.csv,169,420,322,256
713,30_S17A30P30_parsed.csv,194,799,492,493
714,34_S17A34P2_parsed.csv,29,199,115,109
715,37_S17A37P1_parsed.csv,332,628,505,442
716,49_S17A49P15_parsed.csv,129,229,184,172
717,43_S17A43P17_parsed.csv,39,190,109,117
718,16_S17A16P10_parsed.csv,119,379,254,239
719,52_S17A52P13_parsed.csv,148,544,348,337
720,12_S17A12P16_parsed.csv,261,785,569,464
721,60_S17A60P14_parsed.csv,374,453,431,392
722,12_S17A12P42_parsed.csv,173,512,353,326
723,41_S17A41P26_parsed.csv,43,194,119,117
724,49_S17A49P9_parsed.csv,214,441,344,305
725,40_S17A40P29_parsed.csv,114,314,208,219
726,33_S17A33P22_parsed.csv,14,134,70,75
727,2_S17A2P44_parsed.csv,70,621,330,355
728,57_S17A57P19_parsed.csv,100,138,120,116
729,55_S17A55P6_parsed.csv,218,926,580,556
730,60_S17A60P41_parsed.csv,34,74,57,50
731,10_S17A10P5_parsed.csv,159,676,431,402
732,38_S17A38P59_parsed.csv,164,355,265,253
733,12_S17A12P14_parsed.csv,285,431,366,343
734,43_S17A43P5_parsed.csv,355,848,576,591
735,42_S17A42P1_parsed.csv,20,103,55,66
736,59_S17A59P3_parsed.csv,52,494,299,247
737,8_S17A8P29_parsed.csv,128,542,351,316
738,2_S17A2P28_parsed.csv,129,684,409,400
739,20_S17A20P27_parsed.csv,21,57,34,44
740,41_S17A41P33_parsed.csv,17,72,39,47
741,13_S17A13P4_parsed.csv,102,565,322,331
742,45_S17A45P17_parsed.csv,162,386,252,288
743,14_S17A14P7_parsed.csv,160,774,512,418
744,4_S17A4P26_parsed.csv,280,720,515,463
745,4_S17A4P80_parsed.csv,60,404,238,223
746,3_S17A3P46_parsed.csv,116,502,289,322
747,11_S17A11P26_parsed.csv,66,271,183,151
748,56_S17A56P26_parsed.csv,242,590,394,432
749,34_S17A34P32_parsed.csv,45,344,218,171
750,38_S17A38P29_parsed.csv,51,161,92,86
751,46_S17A46P12_parsed.csv,241,598,414,412
752,44_S17A44P14_parsed.csv,208,601,386,415
753,31_S17A31P8_parsed.csv,87,500,294,290
754,19_S17A19P25_parsed.csv,83,474,290,259
755,50_S17A50P49_parsed.csv,34,80,53,60
756,39_S17A39P36_parsed.csv,195,610,400,405
757,20_S17A20P36_parsed.csv,273,606,442,437
758,33_S17A33P31_parsed.csv,55,492,272,269
759,43_S17A43P2_parsed.csv,247,650,429,445
760,24_S17A24P16_parsed.csv,149,596,344,397
761,31_S17A31P22_parsed.csv,25,209,119,115
762,60_S17A60P26_parsed.csv,188,288,195,277
763,3_S17A3P23_parsed.csv,64,394,233,222
764,42_S17A42P4_parsed.csv,171,469,331,303
765,56_S17A56P12_parsed.csv,127,338,220,240
766,42_S17A42P13_parsed.csv,200,529,358,364
767,20_S17A20P41_parsed.csv,180,485,316,347
768,44_S17A44P3_parsed.csv,141,452,278,303
769,10_S17A10P11_parsed.csv,119,677,401,393
770,11_S17A11P3_parsed.csv,120,299,226,187
771,36_S17A36P24_parsed.csv,19,96,56,59
772,26_S17A26P14_parsed.csv,152,527,335,326
773,35_S17A35P3_parsed.csv,138,886,524,490
774,38_S17A38P4_parsed.csv,141,468,338,270
775,22_S17A22P2_parsed.csv,198,669,427,437
776,7_S17A7P32_parsed.csv,144,382,247,277
777,32_S17A32P2_parsed.csv,61,504,278,276
778,13_S17A13P26_parsed.csv,54,293,175,168
779,21_S17A21P20_parsed.csv,192,659,425,423
780,31_S17A31P15_parsed.csv,21,149,80,87
781,3_S17A3P24_parsed.csv,95,405,244,252
782,41_S17A41P12_parsed.csv,69,311,192,188
783,20_S17A20P23_parsed.csv,71,231,144,157
784,47_S17A47P8_parsed.csv,137,560,323,367
785,20_S17A20P24_parsed.csv,80,174,119,130
786,18_S17A18P8_parsed.csv,79,470,297,249
787,18_S17A18P10_parsed.csv,122,830,505,446
788,4_S17A4P24_parsed.csv,100,626,341,380
789,6_S17A6P54_parsed.csv,209,534,367,370
790,18_S17A18P40_parsed.csv,71,419,239,243
791,2_S17A2P41_parsed.csv,35,440,233,242
792,1_S17A1P30_parsed.csv,19,302,144,175
793,60_S17A60P30_parsed.csv,156,275,224,204
794,5_S17A5P13_parsed.csv,311,719,528,497
795,14_S17A14P19_parsed.csv,71,558,339,284
796,60_S17A60P55_parsed.csv,43,73,55,60
797,7_S17A7P30_parsed.csv,191,507,363,334
798,33_S17A33P11_parsed.csv,94,703,400,392
799,47_S17A47P6_parsed.csv,168,784,462,479
800,3_S17A3P1_parsed.csv,101,934,516,508
801,52_S17A52P3_parsed.csv,209,721,471,441
802,41_S17A41P20_parsed.csv,134,518,314,329
803,40_S17A40P60_parsed.csv,45,107,73,79
804,19_S17A19P11_parsed.csv,79,439,244,264
805,33_S17A33P23_parsed.csv,19,187,102,103
806,42_S17A42P2_parsed.csv,164,505,342,326
807,29_S17A29P17_parsed.csv,145,631,368,408
808,28_S17A28P6_parsed.csv,166,645,389,411
809,4_S17A4P61_parsed.csv,262,785,523,524
810,4_S17A4P77_parsed.csv,39,288,146,178
811,48_S17A48P17_parsed.csv,125,429,277,277
812,7_S17A7P27_parsed.csv,10,32,18,24
813,1_S17A1P22_parsed.csv,277,882,564,589
814,9_S17A9P17_parsed.csv,139,549,343,339
815,10_S17A10P25_parsed.csv,99,360,256,203
816,60_S17A60P20_parsed.csv,251,450,369,327
817,26_S17A26P1_parsed.csv,177,501,328,344
818,59_S17A59P15_parsed.csv,98,697,413,367
819,4_S17A4P49_parsed.csv,71,409,228,245
820,30_S17A30P5_parsed.csv,133,402,282,247
821,20_S17A20P35_parsed.csv,75,255,157,173
822,36_S17A36P13_parsed.csv,38,216,128,116
823,12_S17A12P6_parsed.csv,85,435,265,253
824,6_S17A6P37_parsed.csv,171,308,244,231
825,4_S17A4P88_parsed.csv,148,683,453,375
826,12_S17A12P21_parsed.csv,94,285,190,185
827,2_S17A2P48_parsed.csv,115,347,237,220
828,30_S17A30P14_parsed.csv,27,182,108,98
829,21_S17A21P15_parsed.csv,150,402,248,302
830,1_S17A1P29_parsed.csv,6,138,62,82
831,4_S17A4P5_parsed.csv,170,1007,583,561
832,40_S17A40P61_parsed.csv,25,51,33,43
833,15_S17A15P18_parsed.csv,136,539,363,309
834,14_S17A14P10_parsed.csv,190,777,510,452
835,59_S17A59P31_parsed.csv,226,663,456,427
836,45_S17A45P12_parsed.csv,38,148,89,97
837,41_S17A41P13_parsed.csv,107,513,282,328
838,45_S17A45P23_parsed.csv,91,284,166,209
839,4_S17A4P69_parsed.csv,97,431,251,277
840,8_S17A8P26_parsed.csv,112,433,297,245
841,35_S17A35P4_parsed.csv,61,451,260,240
842,38_S17A38P1_parsed.csv,182,466,326,319
843,50_S17A50P10_parsed.csv,92,268,197,162
844,49_S17A49P33_parsed.csv,29,78,62,44
845,53_S17A53P4_parsed.csv,258,716,433,534
846,38_S17A38P32_parsed.csv,46,132,85,93
847,40_S17A40P64_parsed.csv,71,216,141,138
848,50_S17A50P52_parsed.csv,109,258,180,184
849,28_S17A28P14_parsed.csv,162,570,357,368
850,4_S17A4P28_parsed.csv,188,668,446,407
851,4_S17A4P90_parsed.csv,164,567,348,378
852,36_S17A36P8_parsed.csv,58,356,207,197
853,13_S17A13P15_parsed.csv,78,549,299,324
854,19_S17A19P15_parsed.csv,155,759,435,467
855,6_S17A6P13_parsed.csv,190,496,374,299
856,19_S17A19P6_parsed.csv,123,701,395,420
857,10_S17A10P21_parsed.csv,45,244,155,132
858,4_S17A4P68_parsed.csv,85,429,293,216
859,57_S17A57P17_parsed.csv,271,672,447,485
860,4_S17A4P41_parsed.csv,34,188,108,111
861,36_S17A36P20_parsed.csv,79,591,324,340
862,33_S17A33P36_parsed.csv,20,207,122,105
863,14_S17A14P14_parsed.csv,53,209,156,98
864,33_S17A33P8_parsed.csv,126,738,408,449
865,13_S17A13P9_parsed.csv,65,497,282,274
866,32_S17A32P4_parsed.csv,76,506,314,261
867,7_S17A7P37_parsed.csv,124,261,186,196
868,44_S17A44P25_parsed.csv,139,419,235,318
869,22_S17A22P8_parsed.csv,121,436,288,263
870,15_S17A15P2_parsed.csv,123,566,368,317
871,34_S17A34P27_parsed.csv,82,703,399,385
872,18_S17A18P6_parsed.csv,82,576,324,326
873,8_S17A8P13_parsed.csv,61,297,180,168
874,59_S17A59P46_parsed.csv,26,137,81,77
875,12_S17A12P2_parsed.csv,108,492,294,300
876,36_S17A36P12_parsed.csv,92,642,364,358
877,39_S17A39P28_parsed.csv,137,317,190,264
878,8_S17A8P25_parsed.csv,10,71,29,50
879,34_S17A34P22_parsed.csv,44,387,209,212
880,57_S17A57P21_parsed.csv,271,307,279,293
881,50_S17A50P3_parsed.csv,125,205,154,172
882,54_S17A54P14_parsed.csv,177,400,270,294
883,50_S17A50P14_parsed.csv,106,294,221,176
884,19_S17A19P26_parsed.csv,58,216,131,140
885,2_S17A2P2_parsed.csv,245,976,620,595
886,5_S17A5P35_parsed.csv,81,440,273,244
887,15_S17A15P15_parsed.csv,95,575,347,322
888,36_S17A36P30_parsed.csv,51,401,230,219
889,7_S17A7P43_parsed.csv,138,359,250,234
890,53_S17A53P16_parsed.csv,252,642,440,452
891,9_S17A9P28_parsed.csv,136,456,292,300
892,9_S17A9P2_parsed.csv,72,396,262,202
893,59_S17A59P11_parsed.csv,118,836,492,461
894,37_S17A37P29_parsed.csv,146,400,264,279
895,56_S17A56P7_parsed.csv,214,714,458,449
896,40_S17A40P28_parsed.csv,77,206,141,139
897,19_S17A19P7_parsed.csv,81,468,289,252
898,47_S17A47P12_parsed.csv,306,682,467,514
899,46_S17A46P16_parsed.csv,171,344,248,258
900,32_S17A32P18_parsed.csv,55,389,220,221
901,2_S17A2P18_parsed.csv,22,122,48,96
902,47_S17A47P13_parsed.csv,211,512,343,374
903,50_S17A50P16_parsed.csv,229,347,279,294
904,12_S17A12P5_parsed.csv,134,509,360,279
905,45_S17A45P14_parsed.csv,61,218,126,152
906,41_S17A41P10_parsed.csv,105,413,236,280
907,2_S17A2P14_parsed.csv,222,596,415,400
908,41_S17A41P14_parsed.csv,68,455,245,275
909,32_S17A32P25_parsed.csv,31,244,147,123
910,3_S17A3P21_parsed.csv,95,461,289,264
911,47_S17A47P7_parsed.csv,88,405,244,247
912,4_S17A4P65_parsed.csv,50,211,127,134
913,4_S17A4P35_parsed.csv,246,673,442,472
914,21_S17A21P27_parsed.csv,173,428,297,287
915,28_S17A28P23_parsed.csv,69,308,202,174
916,25_S17A25P17_parsed.csv,88,273,167,190
917,22_S17A22P17_parsed.csv,47,197,120,124
918,7_S17A7P15_parsed.csv,205,657,429,428
919,40_S17A40P20_parsed.csv,53,59,54,58
920,1_S17A1P20_parsed.csv,154,434,287,299
921,52_S17A52P16_parsed.csv,201,592,396,389
922,40_S17A40P19_parsed.csv,51,152,95,106
923,28_S17A28P20_parsed.csv,156,511,328,336
924,5_S17A5P40_parsed.csv,212,339,280,263
925,11_S17A11P32_parsed.csv,14,80,46,46
926,37_S17A37P30_parsed.csv,150,465,311,298
927,49_S17A49P32_parsed.csv,131,320,229,215
928,40_S17A40P10_parsed.csv,116,383,236,261
929,36_S17A36P9_parsed.csv,31,266,155,135
930,60_S17A60P9_parsed.csv,69,179,135,109
931,33_S17A33P9_parsed.csv,75,562,318,316
932,54_S17A54P8_parsed.csv,235,509,367,362
933,28_S17A28P9_parsed.csv,182,592,393,374
934,12_S17A12P40_parsed.csv,80,155,121,113
935,14_S17A14P5_parsed.csv,160,772,491,441
936,9_S17A9P16_parsed.csv,125,648,403,361
937,58_S17A58P27_parsed.csv,68,95,68,89
938,52_S17A52P11_parsed.csv,222,723,503,436
939,5_S17A5P39_parsed.csv,46,225,123,148
940,37_S17A37P3_parsed.csv,173,420,310,280
941,28_S17A28P21_parsed.csv,142,515,326,331
942,37_S17A37P27_parsed.csv,182,392,290,279
943,28_S17A28P29_parsed.csv,171,601,365,402
944,42_S17A42P27_parsed.csv,157,290,193,249
945,29_S17A29P10_parsed.csv,138,447,279,303
946,36_S17A36P16_parsed.csv,59,448,244,242
947,29_S17A29P5_parsed.csv,146,710,416,439
948,40_S17A40P34_parsed.csv,77,246,177,146
949,42_S17A42P23_parsed.csv,77,253,141,187
950,52_S17A52P6_parsed.csv,251,925,563,607
951,29_S17A29P8_parsed.csv,137,481,317,296
952,31_S17A31P6_parsed.csv,67,401,216,239
953,60_S17A60P12_parsed.csv,98,292,206,182
954,26_S17A26P12_parsed.csv,77,260,164,172
955,14_S17A14P11_parsed.csv,97,611,363,336
956,49_S17A49P34_parsed.csv,111,152,123,135
957,51_S17A51P12_parsed.csv,78,254,160,168
958,5_S17A5P21_parsed.csv,67,340,217,190
959,1_S17A1P15_parsed.csv,129,536,346,317
960,5_S17A5P31_parsed.csv,70,348,222,196
961,17_S17A17P17_parsed.csv,41,346,182,199
962,44_S17A44P9_parsed.csv,211,565,319,450
963,9_S17A9P7_parsed.csv,139,573,357,346
964,54_S17A54P22_parsed.csv,24,33,29,25
965,46_S17A46P3_parsed.csv,417,764,552,609
966,42_S17A42P14_parsed.csv,98,359,219,234
967,5_S17A5P5_parsed.csv,74,375,217,225
968,25_S17A25P25_parsed.csv,42,184,106,115
969,5_S17A5P9_parsed.csv,60,298,189,163
970,60_S17A60P61_parsed.csv,26,59,42,43
971,48_S17A48P1_parsed.csv,116,444,277,279
972,46_S17A46P20_parsed.csv,166,397,263,296
973,7_S17A7P26_parsed.csv,95,271,197,164
974,18_S17A18P21_parsed.csv,48,342,186,200
975,5_parsed.csv,124,1066,568,618
976,10_S17A10P23_parsed.csv,115,373,249,239
977,33_S17A33P6_parsed.csv,59,466,252,273
978,21_S17A21P25_parsed.csv,83,319,180,220
979,39_S17A39P20_parsed.csv,95,315,219,184
980,43_S17A43P6_parsed.csv,168,504,298,368
981,13_S17A13P13_parsed.csv,79,550,314,307
982,40_S17A40P16_parsed.csv,191,615,391,410
983,42_S17A42P15_parsed.csv,87,360,241,206
984,5_S17A5P3_parsed.csv,130,604,330,398
985,24_S17A24P19_parsed.csv,195,588,349,432
986,8_S17A8P6_parsed.csv,69,278,167,177
987,48_S17A48P7_parsed.csv,150,657,376,417
988,37_S17A37P11_parsed.csv,376,830,626,567
989,27_S17A27P7_parsed.csv,262,854,537,547
990,44_S17A44P23_parsed.csv,105,308,182,226
991,54_S17A54P9_parsed.csv,181,415,268,320
992,52_S17A52P21_parsed.csv,194,583,391,376
993,10_S17A10P9_parsed.csv,95,774,477,380
994,25_S17A25P15_parsed.csv,198,647,448,394
995,51_S17A51P17_parsed.csv,171,228,181,216
996,8_S17A8P3_parsed.csv,197,678,447,421
997,2_S17A2P50_parsed.csv,91,614,341,352
998,39_S17A39P34_parsed.csv,162,432,292,301
999,10_S17A10P15_parsed.csv,160,732,490,402
1000,14_S17A14P15_parsed.csv,140,551,371,306
1001,15_S17A15P12_parsed.csv,205,936,604,530
1002,20_S17A20P42_parsed.csv,88,123,100,111
1003,4_S17A4P87_parsed.csv,46,381,210,217
1004,5_S17A5P1_parsed.csv,130,743,431,441
1005,57_S17A57P4_parsed.csv,196,592,402,382
1006,40_S17A40P8_parsed.csv,23,152,79,95
1007,35_S17A35P2_parsed.csv,41,395,216,214
1008,35_S17A35P18_parsed.csv,55,453,255,240
1009,10_S17A10P18_parsed.csv,193,489,383,298
1010,1_S17A1P1_parsed.csv,26,164,88,101
1011,4_S17A4P63_parsed.csv,200,989,582,590
1012,2_S17A2P63_parsed.csv,325,822,589,554
1013,3_S17A3P29_parsed.csv,52,247,127,169
1014,3_S17A3P38_parsed.csv,115,575,356,331
1015,39_S17A39P32_parsed.csv,113,518,300,331
1016,8_S17A8P15_parsed.csv,68,253,185,131
1017,6_S17A6P58_parsed.csv,86,276,172,185
1018,53_S17A53P25_parsed.csv,197,317,251,258
1019,52_S17A52P23_parsed.csv,231,768,479,515
1020,40_S17A40P58_parsed.csv,163,387,275,272
1021,2_S17A2P3_parsed.csv,256,951,620,584
1022,2_S17A2P67_parsed.csv,166,636,383,417
1023,38_S17A38P38_parsed.csv,47,173,101,96
1024,59_S17A59P39_parsed.csv,61,109,96,74
1025,7_S17A7P20_parsed.csv,377,671,535,511
1026,43_S17A43P15_parsed.csv,301,532,406,421
1027,38_S17A38P18_parsed.csv,184,441,329,296
1028,46_S17A46P6_parsed.csv,293,607,460,434
1029,38_S17A38P25_parsed.csv,144,263,204,202
1030,2_S17A2P15_parsed.csv,244,449,368,321
1031,20_S17A20P45_parsed.csv,29,179,108,97
1032,58_S17A58P26_parsed.csv,202,240,231,208
1033,1_S17A1P24_parsed.csv,126,679,363,437
1034,28_S17A28P27_parsed.csv,154,559,379,330
1035,20_S17A20P31_parsed.csv,37,200,119,118
1036,8_S17A8P24_parsed.csv,20,95,50,63
1037,3_S17A3P15_parsed.csv,93,574,320,339
1038,20_S17A20P38_parsed.csv,86,551,339,298
1039,17_S17A17P14_parsed.csv,44,296,199,135
1040,3_S17A3P17_parsed.csv,58,160,116,98
1041,46_S17A46P13_parsed.csv,290,719,479,521
1042,3_S17A3P28_parsed.csv,85,370,233,220
1043,22_S17A22P16_parsed.csv,188,685,386,480
1044,59_S17A59P21_parsed.csv,22,136,81,76
1045,40_S17A40P21_parsed.csv,21,37,25,30
1046,49_S17A49P43_parsed.csv,84,147,102,127
1047,8_S17A8P14_parsed.csv,113,632,400,335
1048,19_S17A19P12_parsed.csv,101,608,359,344
1049,17_S17A17P30_parsed.csv,136,390,273,249
1050,40_S17A40P67_parsed.csv,74,312,175,210
1051,2_S17A2P49_parsed.csv,133,862,435,553
1052,2_S17A2P42_parsed.csv,212,815,522,498
1053,4_S17A4P37_parsed.csv,141,689,408,419
1054,53_S17A53P22_parsed.csv,162,339,241,253
1055,6_S17A6P29_parsed.csv,113,226,160,179
1056,50_S17A50P5_parsed.csv,136,249,168,210
1057,16_S17A16P17_parsed.csv,93,340,223,199
1058,16_S17A16P34_parsed.csv,91,353,223,220
1059,59_S17A59P17_parsed.csv,57,359,195,217
1060,36_S17A36P33_parsed.csv,14,143,80,75
1061,45_S17A45P2_parsed.csv,78,271,157,184
1062,60_S17A60P10_parsed.csv,263,823,530,547
1063,2_S17A2P70_parsed.csv,108,327,223,207
1064,24_S17A24P6_parsed.csv,152,451,289,312
1065,9_S17A9P39_parsed.csv,180,597,373,402
1066,35_S17A35P5_parsed.csv,35,368,212,188
1067,41_S17A41P23_parsed.csv,45,210,128,123
1068,14_S17A14P6_parsed.csv,212,795,519,479
1069,5_S17A5P41_parsed.csv,151,129,150,130
1070,58_S17A58P25_parsed.csv,69,148,100,116
1071,44_S17A44P22_parsed.csv,87,256,161,181
1072,41_S17A41P31_parsed.csv,18,119,68,67
1073,6_S17A6P30_parsed.csv,58,68,62,62
1074,4_S17A4P13_parsed.csv,81,481,283,279
1075,60_S17A60P15_parsed.csv,187,361,280,268
1076,42_S17A42P11_parsed.csv,142,404,242,286
1077,15_S17A15P6_parsed.csv,138,801,519,416
1078,20_S17A20P32_parsed.csv,35,220,117,137
1079,20_S17A20P29_parsed.csv,43,159,95,107
1080,2_S17A2P11_parsed.csv,299,794,568,519
1081,60_S17A60P46_parsed.csv,50,97,66,80
1082,57_S17A57P22_parsed.csv,433,568,508,484
1083,59_S17A59P42_parsed.csv,63,281,157,182
1084,55_S17A55P9_parsed.csv,125,516,336,304
1085,43_S17A43P13_parsed.csv,196,438,289,333
1086,44_S17A44P10_parsed.csv,187,516,274,416
1087,40_S17A40P37_parsed.csv,30,156,93,92
1088,22_S17A22P11_parsed.csv,116,337,213,238
1089,49_S17A49P19_parsed.csv,70,152,101,116
1090,31_S17A31P14_parsed.csv,23,233,135,121
1091,57_S17A57P29_parsed.csv,44,117,65,95
1092,37_S17A37P10_parsed.csv,164,461,320,303
1093,18_S17A18P3_parsed.csv,110,611,410,308
1094,16_S17A16P22_parsed.csv,225,496,377,342
1095,33_S17A33P37_parsed.csv,53,444,243,253
1096,4_S17A4P58_parsed.csv,181,540,346,370
1097,18_S17A18P9_parsed.csv,127,676,425,372
1098,20_S17A20P14_parsed.csv,275,482,363,389
1099,4_S17A4P16_parsed.csv,31,328,188,169
1100,38_S17A38P45_parsed.csv,195,466,316,341
1101,50_S17A50P1_parsed.csv,174,328,234,252
1102,3_S17A3P26_parsed.csv,84,255,171,165
1103,29_S17A29P4_parsed.csv,41,205,128,118
1104,40_S17A40P57_parsed.csv,7,30,16,21
1105,33_S17A33P33_parsed.csv,9,105,52,57
1106,16_S17A16P12_parsed.csv,92,519,304,294
1107,49_S17A49P41_parsed.csv,115,252,147,220
1108,42_S17A42P20_parsed.csv,57,162,101,115
1109,11_S17A11P31_parsed.csv,125,267,17,374
1110,41_S17A41P7_parsed.csv,150,567,358,358
1111,16_S17A16P15_parsed.csv,193,597,436,340
1112,5_S17A5P17_parsed.csv,138,578,344,366
1113,40_S17A40P42_parsed.csv,22,65,42,45
1114,35_S17A35P25_parsed.csv,33,294,145,181
1115,3_S17A3P35_parsed.csv,219,950,571,595
1116,59_S17A59P37_parsed.csv,70,247,169,148
1117,51_S17A51P20_parsed.csv,166,486,302,340
1118,39_S17A39P24_parsed.csv,152,400,251,301
1119,47_S17A47P9_parsed.csv,150,399,266,277
1120,3_S17A3P19_parsed.csv,149,421,279,287
1121,18_S17A18P22_parsed.csv,32,299,173,156
1122,9_S17A9P11_parsed.csv,103,378,243,230
1123,18_S17A18P2_parsed.csv,115,629,393,347
1124,58_S17A58P19_parsed.csv,188,327,255,256
1125,46_S17A46P10_parsed.csv,151,412,222,330
1126,59_S17A59P13_parsed.csv,65,265,174,155
1127,4_S17A4P30_parsed.csv,149,419,292,270
1128,6_S17A6P19_parsed.csv,113,377,224,262
1129,38_S17A38P42_parsed.csv,219,405,318,305
1130,2_S17A2P19_parsed.csv,24,280,141,158
1131,10_S17A10P24_parsed.csv,37,180,117,99
1132,9_S17A9P29_parsed.csv,186,765,487,451
1133,11_S17A11P24_parsed.csv,150,494,283,335
1134,5_S17A5P29_parsed.csv,236,491,369,357
1135,34_S17A34P25_parsed.csv,53,442,262,218
1136,26_S17A26P11_parsed.csv,233,741,482,475
1137,57_S17A57P20_parsed.csv,176,220,183,208
1138,6_S17A6P49_parsed.csv,72,275,174,172
1139,39_S17A39P4_parsed.csv,159,500,331,325
1140,56_S17A56P28_parsed.csv,240,690,459,459
1141,15_S17A15P4_parsed.csv,102,871,548,423
1142,35_S17A35P32_parsed.csv,89,476,290,269
1143,25_S17A25P11_parsed.csv,26,134,78,77
1144,45_S17A45P13_parsed.csv,50,164,98,114
1145,7_S17A7P23_parsed.csv,132,360,241,248
1146,19_S17A19P22_parsed.csv,15,123,66,68
1147,30_S17A30P4_parsed.csv,59,182,126,113
1148,3_S17A3P39_parsed.csv,135,618,365,383
1149,60_S17A60P36_parsed.csv,351,676,535,487
1150,17_S17A17P15_parsed.csv,114,392,259,243
1151,59_S17A59P1_parsed.csv,110,498,297,307
1152,7_S17A7P22_parsed.csv,109,331,239,199
1153,17_S17A17P11_parsed.csv,148,517,317,334
1154,7_S17A7P49_parsed.csv,161,471,309,320
1155,54_S17A54P26_parsed.csv,183,493,360,310
1156,25_S17A25P14_parsed.csv,207,749,484,466
1157,5_S17A5P36_parsed.csv,45,275,172,145
1158,59_S17A59P45_parsed.csv,30,70,55,44
1159,38_S17A38P13_parsed.csv,114,328,218,223
1160,57_S17A57P3_parsed.csv,257,764,483,536
1161,6_S17A6P16_parsed.csv,145,639,397,372
1162,42_S17A42P5_parsed.csv,157,590,376,360
1163,7_S17A7P47_parsed.csv,64,136,110,89
1164,58_S17A58P28_parsed.csv,127,236,187,173
1165,49_S17A49P6_parsed.csv,128,281,212,192
1166,12_S17A12P18_parsed.csv,120,367,250,233
1167,18_S17A18P18_parsed.csv,84,483,305,252
1168,41_S17A41P6_parsed.csv,84,511,294,295
1169,55_S17A55P1_parsed.csv,208,594,375,413
1170,28_S17A28P3_parsed.csv,114,342,227,222
1171,5_S17A5P24_parsed.csv,55,433,231,250
1172,32_S17A32P14_parsed.csv,77,625,327,367
1173,10_S17A10P20_parsed.csv,48,205,149,104
1174,32_S17A32P9_parsed.csv,149,903,550,500
1175,49_S17A49P4_parsed.csv,86,261,146,198
1176,51_S17A51P11_parsed.csv,201,420,310,306
1177,58_S17A58P9_parsed.csv,511,567,541,533
1178,4_S17A4P72_parsed.csv,71,424,257,235
1179,49_S17A49P45_parsed.csv,103,284,171,205
1180,32_S17A32P7_parsed.csv,32,249,122,158
1181,48_S17A48P22_parsed.csv,29,103,54,76
1182,38_S17A38P36_parsed.csv,83,177,115,144
1183,22_S17A22P12_parsed.csv,75,327,196,202
1184,19_S17A19P3_parsed.csv,40,222,112,141
1185,35_S17A35P6_parsed.csv,63,558,311,303
1186,13_S17A13P23_parsed.csv,21,96,59,55
1187,13_S17A13P6_parsed.csv,57,407,228,232
1188,51_S17A51P3_parsed.csv,194,512,324,370
1189,40_S17A40P48_parsed.csv,202,625,415,412
1190,40_S17A40P53_parsed.csv,24,63,39,48
1191,32_S17A32P8_parsed.csv,98,551,329,314
1192,58_S17A58P23_parsed.csv,293,624,452,461
1193,59_S17A59P4_parsed.csv,129,487,295,321
1194,4_S17A4P10_parsed.csv,133,239,171,197
1195,4_S17A4P52_parsed.csv,112,485,302,292
1196,5_S17A5P16_parsed.csv,154,735,422,461
1197,47_S17A47P11_parsed.csv,154,510,312,348
1198,55_S17A55P8_parsed.csv,188,771,474,481
1199,37_S17A37P31_parsed.csv,117,497,322,288
1200,13_S17A13P12_parsed.csv,62,302,183,175
1201,50_S17A50P15_parsed.csv,170,465,316,318
1202,7_S17A7P12_parsed.csv,185,650,415,400
1203,9_S17A9P22_parsed.csv,236,806,518,521
1204,1_S17A1P40_parsed.csv,156,555,357,343
1205,14_S17A14P13_parsed.csv,28,124,80,72
1206,51_S17A51P6_parsed.csv,216,429,294,344
1207,6_S17A6P51_parsed.csv,12,33,21,24
1208,9_S17A9P24_parsed.csv,112,460,275,293
1209,44_S17A44P15_parsed.csv,218,667,418,456
1210,28_S17A28P22_parsed.csv,62,264,162,162
1211,4_S17A4P94_parsed.csv,59,451,270,240
1212,32_S17A32P1_parsed.csv,23,198,115,106
1213,7_S17A7P10_parsed.csv,49,189,127,109
1214,48_S17A48P5_parsed.csv,129,666,381,408
1215,58_S17A58P5_parsed.csv,238,349,280,301
1216,0_parsed.csv,44,216,131,127
1217,1_S17A1P13_parsed.csv,116,366,222,247
1218,49_S17A49P40_parsed.csv,37,106,70,70
1219,18_S17A18P4_parsed.csv,89,570,338,313
1220,43_S17A43P18_parsed.csv,27,71,51,47
1221,1_S17A1P39_parsed.csv,76,656,330,382
1222,38_S17A38P23_parsed.csv,144,312,227,227
1223,46_S17A46P5_parsed.csv,280,464,374,364
1224,7_S17A7P58_parsed.csv,27,58,37,48
1225,3_S17A3P42_parsed.csv,140,858,479,515
1226,53_S17A53P13_parsed.csv,414,449,411,448
1227,2_S17A2P5_parsed.csv,82,216,160,138
1228,11_S17A11P35_parsed.csv,149,644,422,371
1229,6_S17A6P12_parsed.csv,45,95,74,66
1230,18_S17A18P43_parsed.csv,21,160,83,96
1231,9_S17A9P23_parsed.csv,111,439,265,281
1232,36_S17A36P15_parsed.csv,48,267,145,169
1233,48_S17A48P13_parsed.csv,155,503,287,364
1234,38_S17A38P27_parsed.csv,125,302,230,196
1235,45_S17A45P4_parsed.csv,93,278,172,199
1236,18_S17A18P7_parsed.csv,86,497,294,288
1237,2_S17A2P55_parsed.csv,142,652,364,425
1238,23_S17A23P6_parsed.csv,149,582,355,372
1239,6_S17A6P2_parsed.csv,135,234,181,179
1240,17_S17A17P6_parsed.csv,19,168,98,89
1241,37_S17A37P20_parsed.csv,216,645,435,415
1242,8_S17A8P22_parsed.csv,116,435,277,262
1243,23_S17A23P5_parsed.csv,141,458,288,307
1244,40_S17A40P2_parsed.csv,145,544,356,332
1245,23_S17A23P10_parsed.csv,164,534,341,355
1246,21_S17A21P3_parsed.csv,185,467,198,213
1247,41_S17A41P21_parsed.csv,151,491,311,328
1248,60_S17A60P51_parsed.csv,50,46,49,47
1249,38_S17A38P17_parsed.csv,226,490,348,354
1250,36_S17A36P26_parsed.csv,28,211,121,117
1251,42_S17A42P25_parsed.csv,43,194,106,126
1252,5_S17A5P4_parsed.csv,139,737,407,456
1253,36_S17A36P17_parsed.csv,60,350,194,203
1254,38_S17A38P41_parsed.csv,114,238,200,152
1255,36_S17A36P21_parsed.csv,72,499,298,272
1256,44_S17A44P2_parsed.csv,84,253,151,179
1257,49_S17A49P16_parsed.csv,103,221,167,156
1258,19_S17A19P17_parsed.csv,201,793,500,485
1259,6_S17A6P25_parsed.csv,36,158,98,93
1260,37_S17A37P9_parsed.csv,194,419,296,314
1261,18_S17A18P42_parsed.csv,54,421,233,230
1262,57_S17A57P8_parsed.csv,300,614,459,444
1263,23_S17A23P17_parsed.csv,63,220,141,139
1264,1_S17A1P18_parsed.csv,224,882,546,556
1265,48_S17A48P6_parsed.csv,147,618,343,417
1266,6_S17A6P20_parsed.csv,83,302,185,200
1267,34_S17A34P23_parsed.csv,83,774,456,400
1268,4_S17A4P101_parsed.csv,35,116,62,88
1269,1_S17A1P5_parsed.csv,88,469,278,275
1270,20_S17A20P18_parsed.csv,42,233,126,149
1271,36_S17A36P36_parsed.csv,92,641,360,365
1272,60_S17A60P23_parsed.csv,160,321,250,223
1273,13_S17A13P24_parsed.csv,12,61,40,33
1274,41_S17A41P4_parsed.csv,87,341,207,217
1275,16_S17A16P35_parsed.csv,80,353,204,225
1276,2_S17A2P29_parsed.csv,270,863,567,559
1277,12_S17A12P33_parsed.csv,43,181,116,108
1278,21_S17A21P10_parsed.csv,130,458,275,309
1279,6_S17A6P3_parsed.csv,47,87,71,62
1280,28_S17A28P7_parsed.csv,140,588,343,374
1281,13_S17A13P18_parsed.csv,62,331,193,193
1282,48_S17A48P12_parsed.csv,184,569,384,363
1283,42_S17A42P8_parsed.csv,76,285,170,191
1284,19_S17A19P38_parsed.csv,60,486,292,238
1285,32_S17A32P22_parsed.csv,50,548,318,277
1286,60_S17A60P65_parsed.csv,40,41,36,41
1287,4_S17A4P95_parsed.csv,41,366,209,195
1288,60_S17A60P43_parsed.csv,85,187,134,130
1289,49_S17A49P24_parsed.csv,118,210,158,168
1290,17_S17A17P3_parsed.csv,18,107,68,55
1291,5_S17A5P42_parsed.csv,102,423,273,251
1292,34_S17A34P34_parsed.csv,13,117,67,63
1293,55_S17A55P5_parsed.csv,159,566,365,353
1294,9_parsed.csv,133,407,269,271
1295,3_S17A3P47_parsed.csv,124,571,350,343
1296,42_S17A42P9_parsed.csv,106,358,210,250
1297,33_S17A33P16_parsed.csv,41,339,189,186
1298,28_S17A28P10_parsed.csv,134,466,313,281
1299,52_S17A52P9_parsed.csv,15,45,31,29
1300,4_S17A4P7_parsed.csv,138,876,535,475
1301,4_S17A4P22_parsed.csv,249,650,459,432
1302,56_S17A56P3_parsed.csv,93,186,123,152
1303,2_S17A2P17_parsed.csv,37,341,157,221
1304,1_S17A1P37_parsed.csv,80,871,444,500
1305,55_S17A55P13_parsed.csv,218,716,472,458
1306,58_S17A58P11_parsed.csv,134,205,186,153
1307,41_S17A41P2_parsed.csv,147,513,336,321
1308,38_S17A38P22_parsed.csv,137,301,223,215
1309,40_S17A40P70_parsed.csv,31,158,90,99
1310,27_S17A27P4_parsed.csv,242,742,500,476
1311,56_S17A56P10_parsed.csv,363,891,642,599
1312,44_S17A44P21_parsed.csv,144,418,276,285
1313,49_S17A49P7_parsed.csv,116,270,173,212
1314,13_S17A13P8_parsed.csv,31,223,125,126
1315,40_S17A40P65_parsed.csv,30,120,77,73
1316,22_S17A22P24_parsed.csv,110,394,260,240
1317,40_S17A40P76_parsed.csv,157,696,445,403
1318,36_S17A36P31_parsed.csv,34,231,144,121
1319,51_S17A51P22_parsed.csv,149,362,243,256
1320,8_S17A8P28_parsed.csv,27,133,65,89
1321,4_S17A4P14_parsed.csv,84,454,277,258
1322,1_parsed.csv,72,352,218,203
1323,6_S17A6P27_parsed.csv,53,204,130,126
1324,7_S17A7P34_parsed.csv,111,211,164,158
1325,20_S17A20P8_parsed.csv,75,219,145,148
1326,12_S17A12P38_parsed.csv,59,132,97,91
1327,40_S17A40P69_parsed.csv,64,151,109,105
1328,58_S17A58P13_parsed.csv,108,175,134,147
1329,39_S17A39P31_parsed.csv,75,231,135,171
1330,3_S17A3P3_parsed.csv,141,579,371,347
1331,19_S17A19P18_parsed.csv,99,442,286,253
1332,9_S17A9P38_parsed.csv,236,748,482,501
1333,4_S17A4P9_parsed.csv,39,188,119,108
1334,4_S17A4P32_parsed.csv,137,515,338,307
1335,49_S17A49P30_parsed.csv,59,132,94,97
1336,32_S17A32P13_parsed.csv,80,508,282,300
1337,27_S17A27P5_parsed.csv,245,602,431,410
1338,33_S17A33P10_parsed.csv,17,151,86,78
1339,11_S17A11P15_parsed.csv,18,68,43,43
1340,4_S17A4P12_parsed.csv,103,427,277,248
1341,34_S17A34P1_parsed.csv,122,896,539,471
1342,1_S17A1P25_parsed.csv,94,470,265,294
1343,43_S17A43P16_parsed.csv,108,316,194,229
1344,57_S17A57P14_parsed.csv,250,308,264,287
1345,40_S17A40P36_parsed.csv,29,80,65,44
1346,2_S17A2P24_parsed.csv,12,120,57,74
1347,38_S17A38P3_parsed.csv,145,399,302,236
1348,40_S17A40P49_parsed.csv,44,151,98,95
1349,2_S17A2P39_parsed.csv,152,636,406,376
1350,10_S17A10P4_parsed.csv,91,374,267,197
1351,31_S17A31P21_parsed.csv,15,128,69,70
1352,58_S17A58P29_parsed.csv,138,211,171,168
1353,55_S17A55P25_parsed.csv,120,572,353,331
1354,18_S17A18P38_parsed.csv,64,534,320,277
1355,47_S17A47P2_parsed.csv,199,493,326,357
1356,42_S17A42P12_parsed.csv,53,159,107,105
1357,56_S17A56P5_parsed.csv,144,441,305,271
1358,3_S17A3P41_parsed.csv,233,794,531,492
1359,49_S17A49P10_parsed.csv,130,350,249,229
1360,15_S17A15P16_parsed.csv,39,225,132,129
1361,30_S17A30P34_parsed.csv,27,78,52,53
1362,38_S17A38P20_parsed.csv,215,477,336,355
1363,2_S17A2P9_parsed.csv,115,330,240,196
1364,11_S17A11P6_parsed.csv,94,520,326,285
1365,11_S17A11P5_parsed.csv,153,675,407,418
1366,52_S17A52P10_parsed.csv,40,150,91,94
1367,36_S17A36P28_parsed.csv,42,327,185,182
1368,45_S17A45P6_parsed.csv,114,351,222,240
1369,56_S17A56P9_parsed.csv,185,441,312,302
1370,48_S17A48P19_parsed.csv,230,597,381,441
1371,60_S17A60P38_parsed.csv,152,244,206,187
1372,57_S17A57P11_parsed.csv,129,317,225,217
1373,20_S17A20P13_parsed.csv,194,675,420,446
1374,5_S17A5P33_parsed.csv,52,256,162,146
1375,31_S17A31P23_parsed.csv,16,94,44,63
1376,43_S17A43P4_parsed.csv,371,788,575,571
1377,15_S17A15P23_parsed.csv,85,568,351,298
1378,59_S17A59P24_parsed.csv,121,321,222,216
1379,38_S17A38P57_parsed.csv,213,455,316,350
1380,40_S17A40P38_parsed.csv,92,166,132,124
1381,4_S17A4P67_parsed.csv,106,451,271,281
1382,1_S17A1P3_parsed.csv,142,465,296,303
1383,6_S17A6P34_parsed.csv,282,393,340,330
1384,13_S17A13P22_parsed.csv,82,476,277,275
1385,17_S17A17P12_parsed.csv,68,361,218,207
1386,30_S17A30P28_parsed.csv,221,925,564,578
1387,60_S17A60P4_parsed.csv,317,735,466,570
1388,60_S17A60P11_parsed.csv,252,682,472,461
1389,49_S17A49P11_parsed.csv,178,425,276,318
1390,52_S17A52P2_parsed.csv,162,727,447,433
1391,6_parsed.csv,141,713,393,456
1392,18_S17A18P35_parsed.csv,127,436,271,286
1393,38_S17A38P34_parsed.csv,113,263,192,183
1394,40_S17A40P30_parsed.csv,8,61,33,35
1395,4_S17A4P97_parsed.csv,84,352,211,222
1396,4_parsed.csv,20,202,105,117
1397,50_S17A50P36_parsed.csv,99,205,129,169
1398,19_S17A19P36_parsed.csv,139,649,372,403
1399,4_S17A4P79_parsed.csv,150,466,296,318
1400,11_S17A11P14_parsed.csv,108,669,412,365
1401,51_S17A51P1_parsed.csv,152,629,371,405
1402,36_S17A36P3_parsed.csv,95,568,317,340
1403,20_S17A20P15_parsed.csv,71,171,128,111
1404,56_S17A56P15_parsed.csv,178,429,304,297
1405,38_S17A38P44_parsed.csv,199,398,277,316
1406,52_S17A52P31_parsed.csv,153,442,262,328
1407,25_S17A25P20_parsed.csv,157,471,316,300
1408,51_S17A51P13_parsed.csv,41,95,69,64
1409,7_S17A7P59_parsed.csv,186,565,388,355
1410,37_S17A37P8_parsed.csv,367,791,598,552
1411,25_S17A25P13_parsed.csv,162,519,368,308
1412,30_S17A30P9_parsed.csv,77,353,212,215
1413,6_S17A6P1_parsed.csv,200,492,352,325
1414,58_S17A58P17_parsed.csv,225,365,303,280
1415,46_S17A46P18_parsed.csv,105,301,182,216
1416,12_S17A12P44_parsed.csv,78,447,298,217
1417,35_S17A35P14_parsed.csv,93,597,354,329
1418,39_S17A39P18_parsed.csv,185,436,314,306
1419,45_S17A45P11_parsed.csv,29,165,91,101
1420,9_S17A9P20_parsed.csv,91,306,207,185
1421,59_S17A59P14_parsed.csv,21,149,81,88
1422,56_S17A56P16_parsed.csv,243,761,459,531
1423,38_S17A38P26_parsed.csv,228,468,318,375
1424,12_S17A12P8_parsed.csv,155,671,430,394
1425,53_S17A53P7_parsed.csv,290,490,379,401
1426,4_S17A4P81_parsed.csv,49,192,116,121
1427,5_S17A5P49_parsed.csv,29,172,103,92
1428,17_S17A17P10_parsed.csv,122,530,338,309
1429,37_S17A37P24_parsed.csv,134,442,267,302
1430,42_S17A42P6_parsed.csv,221,581,409,383
1431,60_S17A60P58_parsed.csv,47,88,67,68
1432,48_S17A48P9_parsed.csv,214,613,417,407
1433,4_S17A4P33_parsed.csv,129,523,342,307
1434,5_S17A5P7_parsed.csv,98,525,307,316
1435,35_S17A35P20_parsed.csv,50,368,219,195
1436,13_S17A13P33_parsed.csv,22,88,53,57
1437,33_S17A33P26_parsed.csv,39,408,226,218
1438,5_S17A5P48_parsed.csv,23,115,59,79
1439,16_S17A16P9_parsed.csv,161,672,438,392
1440,53_S17A53P17_parsed.csv,186,551,349,377
1441,6_S17A6P23_parsed.csv,54,256,159,146
1442,57_S17A57P18_parsed.csv,191,438,293,329
1443,33_S17A33P15_parsed.csv,47,369,206,205
1444,30_S17A30P27_parsed.csv,175,620,406,386
1445,18_S17A18P39_parsed.csv,77,482,296,261
1446,38_S17A38P35_parsed.csv,134,268,210,189
1447,54_S17A54P24_parsed.csv,181,470,289,351
1448,1_S17A1P32_parsed.csv,58,676,337,383
1449,41_S17A41P22_parsed.csv,82,202,133,145
1450,41_S17A41P27_parsed.csv,41,185,107,113
1451,1_S17A1P9_parsed.csv,36,146,89,92
1452,2_S17A2P72_parsed.csv,65,382,210,237
1453,4_S17A4P57_parsed.csv,232,553,395,386
1454,47_S17A47P18_parsed.csv,54,104,73,81
1455,27_S17A27P6_parsed.csv,265,759,513,495
1456,54_S17A54P20_parsed.csv,264,465,386,340
1457,35_S17A35P8_parsed.csv,98,547,317,321
1458,50_S17A50P60_parsed.csv,155,337,240,247
1459,34_S17A34P19_parsed.csv,40,273,164,146
1460,52_S17A52P25_parsed.csv,198,621,406,406
1461,49_S17A49P23_parsed.csv,167,332,211,288
1462,35_S17A35P13_parsed.csv,93,567,322,335
1463,19_S17A19P35_parsed.csv,111,603,333,372
1464,13_S17A13P20_parsed.csv,79,325,193,208
1465,7_S17A7P36_parsed.csv,103,243,179,165
1466,6_S17A6P17_parsed.csv,164,498,332,327
1467,25_S17A25P9_parsed.csv,168,576,350,386
1468,39_S17A39P3_parsed.csv,206,486,340,346
1469,3_S17A3P12_parsed.csv,91,412,260,240
1470,60_S17A60P53_parsed.csv,45,77,56,58
1471,6_S17A6P38_parsed.csv,399,697,528,562
1472,50_S17A50P28_parsed.csv,142,357,257,242
1473,36_S17A36P37_parsed.csv,115,740,444,404
1474,12_S17A12P9_parsed.csv,165,485,330,313
1475,9_S17A9P41_parsed.csv,128,572,348,343
1476,2_S17A2P31_parsed.csv,228,833,539,510
1477,46_S17A46P4_parsed.csv,154,236,194,196
1478,44_S17A44P11_parsed.csv,104,234,164,170
1479,40_S17A40P73_parsed.csv,7,74,35,45
1480,49_S17A49P18_parsed.csv,117,266,179,199
1481,37_S17A37P22_parsed.csv,264,675,497,436
1482,13_S17A13P16_parsed.csv,40,231,120,147
1483,1_S17A1P6_parsed.csv,98,429,220,301
1484,40_S17A40P23_parsed.csv,38,159,100,97
1485,11_S17A11P28_parsed.csv,17,70,38,49
1486,34_S17A34P30_parsed.csv,69,490,303,255
1487,57_S17A57P28_parsed.csv,107,293,202,194
1488,47_S17A47P1_parsed.csv,203,560,377,380
1489,40_S17A40P18_parsed.csv,51,194,124,119
1490,12_S17A12P39_parsed.csv,91,371,248,204
1491,5_S17A5P45_parsed.csv,19,117,66,70
1492,3_S17A3P22_parsed.csv,90,553,314,326
1493,40_S17A40P15_parsed.csv,83,198,147,130
1494,7_S17A7P2_parsed.csv,165,406,294,252
1495,55_S17A55P7_parsed.csv,131,534,330,335
1496,43_S17A43P3_parsed.csv,121,312,225,205
1497,7_S17A7P5_parsed.csv,50,158,88,112
1498,39_S17A39P33_parsed.csv,110,438,245,302
1499,50_S17A50P44_parsed.csv,77,209,129,156
1500,31_S17A31P7_parsed.csv,41,423,244,220
1501,21_S17A21P14_parsed.csv,97,443,249,290
1502,50_S17A50P40_parsed.csv,148,200,159,186
1503,25_S17A25P4_parsed.csv,283,789,531,525
1504,32_S17A32P10_parsed.csv,81,705,384,401
1505,16_S17A16P24_parsed.csv,124,669,409,383
1506,9_S17A9P4_parsed.csv,144,582,392,327
1507,56_S17A56P8_parsed.csv,118,328,216,223
1508,48_S17A48P4_parsed.csv,147,592,357,377
1509,3_S17A3P20_parsed.csv,44,216,131,127
1510,18_S17A18P23_parsed.csv,123,831,492,457
1511,6_S17A6P5_parsed.csv,118,339,221,232
1512,57_S17A57P10_parsed.csv,220,356,276,292
1513,4_S17A4P62_parsed.csv,247,853,528,562
1514,9_S17A9P34_parsed.csv,107,315,202,214
1515,57_S17A57P24_parsed.csv,314,612,462,453
1516,56_S17A56P23_parsed.csv,55,105,68,89
1517,38_S17A38P10_parsed.csv,136,422,275,274
1518,3_S17A3P40_parsed.csv,135,515,320,325
1519,5_S17A5P47_parsed.csv,88,498,259,326
1520,24_S17A24P10_parsed.csv,134,440,303,262
1521,39_S17A39P9_parsed.csv,188,509,350,347
1522,60_S17A60P13_parsed.csv,156,441,275,313
1523,36_S17A36P2_parsed.csv,38,289,157,165
1524,12_S17A12P4_parsed.csv,126,538,342,318
1525,49_S17A49P14_parsed.csv,141,290,205,221
1526,34_S17A34P12_parsed.csv,15,76,45,46
1527,55_S17A55P27_parsed.csv,80,310,182,205
1528,35_S17A35P30_parsed.csv,114,942,547,502
1529,3_S17A3P5_parsed.csv,175,826,515,477
1530,50_S17A50P21_parsed.csv,209,498,345,356
1531,35_S17A35P35_parsed.csv,25,234,136,120
1532,45_S17A45P5_parsed.csv,194,462,290,354
1533,29_S17A29P18_parsed.csv,99,399,236,260
1534,2_S17A2P60_parsed.csv,217,728,504,438
1535,6_S17A6P10_parsed.csv,169,508,314,352
1536,54_S17A54P23_parsed.csv,172,423,272,320
1537,20_S17A20P47_parsed.csv,160,503,326,332
1538,59_S17A59P28_parsed.csv,170,636,395,407
1539,33_S17A33P25_parsed.csv,143,793,456,459
1540,50_S17A50P50_parsed.csv,165,285,222,225
1541,9_S17A9P33_parsed.csv,181,664,417,422
1542,12_S17A12P15_parsed.csv,156,514,336,322
1543,3_S17A3P8_parsed.csv,189,752,490,445
1544,50_S17A50P29_parsed.csv,136,349,224,261
1545,18_S17A18P34_parsed.csv,26,190,114,98
1546,50_S17A50P55_parsed.csv,109,206,147,165
1547,34_S17A34P14_parsed.csv,37,242,156,120
1548,38_S17A38P39_parsed.csv,125,316,218,221
1549,47_S17A47P10_parsed.csv,150,387,264,263
1550,11_S17A11P11_parsed.csv,157,566,385,338
1551,36_S17A36P32_parsed.csv,48,343,193,194
1552,58_S17A58P21_parsed.csv,149,273,184,232
1553,6_S17A6P39_parsed.csv,99,123,121,99
1554,33_S17A33P13_parsed.csv,84,664,391,351
1555,25_S17A25P24_parsed.csv,231,613,424,417
1556,50_S17A50P6_parsed.csv,161,339,246,249
1557,60_S17A60P37_parsed.csv,226,415,315,316
1558,35_S17A35P7_parsed.csv,82,546,315,301
1559,2_S17A2P71_parsed.csv,60,399,226,230
1560,54_S17A54P15_parsed.csv,365,517,435,437
1561,41_S17A41P3_parsed.csv,162,548,347,359
1562,22_S17A22P19_parsed.csv,171,656,438,388
1563,50_S17A50P61_parsed.csv,280,497,382,382
1564,1_S17A1P16_parsed.csv,81,215,160,136
1565,33_S17A33P18_parsed.csv,32,220,123,127
1566,60_S17A60P7_parsed.csv,286,882,548,586
1567,22_S17A22P25_parsed.csv,36,125,79,79
1568,4_S17A4P23_parsed.csv,210,908,589,524
1569,14_S17A14P20_parsed.csv,47,259,160,143
1570,60_S17A60P39_parsed.csv,54,98,75,74
1571,49_S17A49P39_parsed.csv,33,85,61,57
1572,20_S17A20P9_parsed.csv,70,192,133,125
1573,7_S17A7P3_parsed.csv,94,378,248,222
1574,30_S17A30P25_parsed.csv,99,384,239,244
1575,10_S17A10P2_parsed.csv,199,773,502,469
1576,31_S17A31P10_parsed.csv,82,836,476,438
1577,13_S17A13P21_parsed.csv,76,475,268,276
1578,7_S17A7P53_parsed.csv,121,388,244,258
1579,59_S17A59P16_parsed.csv,58,391,234,215
1580,9_S17A9P6_parsed.csv,161,871,512,517
1581,52_S17A52P19_parsed.csv,131,481,289,311
1582,11_S17A11P2_parsed.csv,153,634,416,371
1583,7_S17A7P19_parsed.csv,36,184,128,92
1584,58_S17A58P18_parsed.csv,248,515,393,363
1585,34_S17A34P8_parsed.csv,83,591,319,355
1586,60_S17A60P63_parsed.csv,32,38,30,37
1587,27_S17A27P8_parsed.csv,169,475,310,315
1588,55_S17A55P26_parsed.csv,67,262,148,180
1589,3_S17A3P32_parsed.csv,178,636,420,391
1590,40_S17A40P44_parsed.csv,48,175,104,115
1591,7_S17A7P51_parsed.csv,132,438,288,278
1592,17_S17A17P7_parsed.csv,96,519,309,305
1593,21_S17A21P1_parsed.csv,158,479,324,304
1594,59_S17A59P9_parsed.csv,187,813,528,466
1595,9_S17A9P31_parsed.csv,255,905,598,557
1596,28_S17A28P28_parsed.csv,112,435,261,281
1597,57_S17A57P23_parsed.csv,197,279,238,234
1598,23_S17A23P19_parsed.csv,22,77,43,55
1599,7_S17A7P56_parsed.csv,31,94,50,73
1600,34_S17A34P13_parsed.csv,33,247,152,121
1601,1_S17A1P41_parsed.csv,118,513,323,303
1602,3_S17A3P25_parsed.csv,95,483,269,305
1603,3_S17A3P18_parsed.csv,158,412,291,272
1604,48_S17A48P21_parsed.csv,95,282,179,195
1605,9_S17A9P32_parsed.csv,170,615,418,366
1606,35_S17A35P1_parsed.csv,47,383,207,215
1607,35_S17A35P31_parsed.csv,40,305,167,174
1608,38_S17A38P55_parsed.csv,104,344,240,208
1609,39_S17A39P8_parsed.csv,83,258,172,169
1610,7_S17A7P41_parsed.csv,92,247,177,153
1611,20_S17A20P52_parsed.csv,52,99,71,79
1612,41_S17A41P8_parsed.csv,54,266,159,154
1613,49_S17A49P1_parsed.csv,67,299,140,222
1614,45_S17A45P19_parsed.csv,50,102,89,59
1615,3_S17A3P6_parsed.csv,160,780,467,466
1616,59_S17A59P36_parsed.csv,50,126,90,82
1617,46_S17A46P27_parsed.csv,123,209,158,168
1618,45_S17A45P25_parsed.csv,29,108,67,70
1619,58_S17A58P32_parsed.csv,322,468,375,412
1620,4_S17A4P86_parsed.csv,34,245,137,137
1621,46_S17A46P24_parsed.csv,147,349,230,260
1622,31_S17A31P17_parsed.csv,52,406,227,224
1623,53_S17A53P23_parsed.csv,43,62,52,53
1624,30_S17A30P32_parsed.csv,17,93,52,58
1625,32_S17A32P17_parsed.csv,51,352,183,213
1626,40_S17A40P41_parsed.csv,220,763,488,479
1627,5_S17A5P11_parsed.csv,67,546,302,307
1628,53_S17A53P20_parsed.csv,172,261,204,225
1629,4_S17A4P89_parsed.csv,187,588,347,425
1630,50_S17A50P2_parsed.csv,189,232,202,213
1631,46_S17A46P21_parsed.csv,246,518,391,372
1632,6_S17A6P55_parsed.csv,123,375,266,231
1633,20_S17A20P34_parsed.csv,23,65,41,47
1634,37_S17A37P28_parsed.csv,198,387,290,290
1635,30_S17A30P26_parsed.csv,55,189,119,124
1636,4_S17A4P47_parsed.csv,243,659,465,434
1637,20_S17A20P40_parsed.csv,254,661,453,461
1638,8_S17A8P20_parsed.csv,160,537,355,336
1639,59_S17A59P5_parsed.csv,183,673,409,445
1640,38_S17A38P31_parsed.csv,153,388,291,247
1641,39_S17A39P2_parsed.csv,98,195,156,137
1642,8_S17A8P18_parsed.csv,102,425,289,235
1643,25_S17A25P18_parsed.csv,39,161,106,91
1644,54_S17A54P19_parsed.csv,201,355,299,252
1645,60_S17A60P27_parsed.csv,114,135,122,123
1646,43_S17A43P19_parsed.csv,13,53,30,36
1647,4_S17A4P4_parsed.csv,83,425,252,254
1648,2_S17A2P23_parsed.csv,152,498,330,316
1649,19_S17A19P9_parsed.csv,65,373,213,222
1650,40_S17A40P56_parsed.csv,211,568,245,527
1651,3_S17A3P16_parsed.csv,148,859,469,518
1652,40_S17A40P13_parsed.csv,12,54,29,37
1653,40_S17A40P5_parsed.csv,12,99,60,51
1654,36_S17A36P10_parsed.csv,53,371,207,205
1655,35_S17A35P22_parsed.csv,56,250,144,156
1656,60_S17A60P21_parsed.csv,62,168,104,122
1657,24_S17A24P18_parsed.csv,150,641,369,422
1658,39_S17A39P39_parsed.csv,119,303,216,206
1659,38_S17A38P19_parsed.csv,205,505,360,350
1660,52_S17A52P8_parsed.csv,101,334,204,227
1661,20_S17A20P46_parsed.csv,29,84,53,57
1662,56_S17A56P27_parsed.csv,94,425,256,255
1663,34_S17A34P11_parsed.csv,68,476,276,268
1664,16_S17A16P5_parsed.csv,77,375,234,214
1665,47_S17A47P17_parsed.csv,29,124,75,75
1666,45_S17A45P21_parsed.csv,132,485,259,348
1667,60_S17A60P19_parsed.csv,423,740,475,672
1668,16_S17A16P27_parsed.csv,92,422,271,238
1669,18_S17A18P19_parsed.csv,137,822,463,482
1670,52_S17A52P29_parsed.csv,186,601,388,387
1671,37_S17A37P4_parsed.csv,194,501,357,334
1672,50_S17A50P51_parsed.csv,85,203,140,147
1673,38_S17A38P43_parsed.csv,139,288,194,226
1674,6_S17A6P57_parsed.csv,113,332,225,218
1675,39_S17A39P38_parsed.csv,147,370,246,271
1676,25_S17A25P2_parsed.csv,102,337,239,192
1677,36_S17A36P29_parsed.csv,25,212,120,116
1678,8_S17A8P1_parsed.csv,167,834,511,466
1679,40_S17A40P45_parsed.csv,214,423,304,333
1680,46_S17A46P22_parsed.csv,227,664,456,425
1681,60_S17A60P60_parsed.csv,51,68,59,60
1682,2_S17A2P13_parsed.csv,270,728,509,486
1683,32_S17A32P26_parsed.csv,62,543,308,292
1684,53_S17A53P19_parsed.csv,117,339,216,235
1685,4_S17A4P18_parsed.csv,68,364,208,220
1686,58_S17A58P2_parsed.csv,178,290,235,226
1687,52_S17A52P27_parsed.csv,64,233,157,132
1688,19_S17A19P13_parsed.csv,15,77,53,39
1689,12_S17A12P23_parsed.csv,66,270,158,172
1690,40_S17A40P39_parsed.csv,164,260,222,199
1691,20_S17A20P4_parsed.csv,63,324,178,205
1692,44_S17A44P20_parsed.csv,102,308,203,204
1693,58_S17A58P33_parsed.csv,214,271,228,254
1694,4_S17A4P70_parsed.csv,98,525,314,298
1695,18_S17A18P37_parsed.csv,88,514,304,296
1696,2_S17A2P16_parsed.csv,47,270,120,197
1697,16_S17A16P3_parsed.csv,138,734,446,425
1698,42_S17A42P17_parsed.csv,99,375,248,223
1699,2_S17A2P64_parsed.csv,124,364,260,228
1700,34_S17A34P4_parsed.csv,23,231,121,133
1701,57_S17A57P25_parsed.csv,16,47,28,34
1702,6_S17A6P61_parsed.csv,17,107,64,60
1703,11_S17A11P13_parsed.csv,103,541,322,322
1704,18_S17A18P17_parsed.csv,91,523,311,300
1705,15_S17A15P20_parsed.csv,96,545,334,302
1706,26_S17A26P5_parsed.csv,156,480,328,299
1707,52_S17A52P14_parsed.csv,249,653,404,493
1708,7_S17A7P28_parsed.csv,172,648,387,421
1709,5_S17A5P52_parsed.csv,74,375,207,239
1710,59_S17A59P2_parsed.csv,160,518,328,343
1711,55_S17A55P2_parsed.csv,161,699,398,454
1712,3_S17A3P31_parsed.csv,77,308,177,204
1713,50_S17A50P46_parsed.csv,133,194,157,163
1714,28_S17A28P5_parsed.csv,124,451,301,270
1715,40_S17A40P27_parsed.csv,31,77,45,63
1716,19_S17A19P33_parsed.csv,75,412,238,245
1717,46_S17A46P17_parsed.csv,175,347,246,264
1718,59_S17A59P8_parsed.csv,87,356,230,208
1719,8_S17A8P9_parsed.csv,60,329,201,185
1720,11_S17A11P17_parsed.csv,150,648,429,369
1721,8_S17A8P4_parsed.csv,175,787,474,481
1722,25_S17A25P6_parsed.csv,136,551,324,356
1723,40_S17A40P71_parsed.csv,3,32,17,18
1724,44_S17A44P24_parsed.csv,143,373,241,268
1725,60_S17A60P17_parsed.csv,118,356,233,235
1726,6_S17A6P24_parsed.csv,337,504,408,428
1727,19_S17A19P32_parsed.csv,58,383,210,230
1728,6_S17A6P45_parsed.csv,174,382,263,284
1729,49_S17A49P46_parsed.csv,66,116,83,99
1730,31_S17A31P1_parsed.csv,33,257,131,157
1731,30_S17A30P23_parsed.csv,92,218,157,153
1732,58_S17A58P14_parsed.csv,85,135,105,112
1733,13_S17A13P27_parsed.csv,47,353,189,201
1734,6_S17A6P59_parsed.csv,379,609,474,504
1735,38_S17A38P48_parsed.csv,109,175,133,150
1736,5_S17A5P2_parsed.csv,14,141,75,80
1737,60_S17A60P2_parsed.csv,164,478,319,313
1738,30_S17A30P19_parsed.csv,102,339,230,209
1739,38_S17A38P8_parsed.csv,200,314,281,232
1740,40_S17A40P35_parsed.csv,57,163,114,105
1741,5_S17A5P28_parsed.csv,98,469,291,272
1742,3_S17A3P11_parsed.csv,69,271,172,157
1743,51_S17A51P19_parsed.csv,45,68,55,57
1744,4_S17A4P8_parsed.csv,63,437,239,261
1745,57_S17A57P30_parsed.csv,237,621,418,435
1746,24_S17A24P7_parsed.csv,126,433,244,311
1747,20_S17A20P43_parsed.csv,50,285,165,169
1748,20_S17A20P12_parsed.csv,143,641,375,400
1749,4_S17A4P3_parsed.csv,39,275,152,162
1750,18_S17A18P5_parsed.csv,99,520,312,299
1751,11_S17A11P7_parsed.csv,58,363,225,191
1752,20_S17A20P50_parsed.csv,88,245,174,156
1753,3_S17A3P44_parsed.csv,35,152,92,92
1754,39_S17A39P25_parsed.csv,170,280,233,214
1755,2_S17A2P8_parsed.csv,98,257,169,186
1756,16_S17A16P33_parsed.csv,132,352,277,205
1757,24_S17A24P2_parsed.csv,170,537,356,350
1758,33_S17A33P14_parsed.csv,51,498,278,263
1759,39_S17A39P40_parsed.csv,38,93,68,63
1760,3_S17A3P45_parsed.csv,76,310,196,186
1761,50_S17A50P43_parsed.csv,78,155,113,113
1762,9_S17A9P26_parsed.csv,197,714,454,453
1763,14_S17A14P18_parsed.csv,153,449,330,270
1764,24_S17A24P4_parsed.csv,248,779,498,510
1765,34_S17A34P35_parsed.csv,19,147,86,80
1766,12_S17A12P34_parsed.csv,173,516,335,347
1767,59_S17A59P25_parsed.csv,106,397,259,240
1768,8_S17A8P5_parsed.csv,120,546,338,318
1769,12_S17A12P29_parsed.csv,54,191,133,111
1770,23_S17A23P4_parsed.csv,107,325,224,201
1771,34_S17A34P20_parsed.csv,14,96,64,44
1772,55_S17A55P3_parsed.csv,226,848,497,557
1773,11_S17A11P40_parsed.csv,59,266,162,157
1774,16_S17A16P23_parsed.csv,156,306,225,236
1775,7_S17A7P54_parsed.csv,106,388,246,245
1776,2_S17A2P33_parsed.csv,262,662,460,451
1777,30_S17A30P18_parsed.csv,27,141,80,87
1778,5_S17A5P43_parsed.csv,57,304,190,170
1779,5_S17A5P27_parsed.csv,234,350,294,279
1780,4_S17A4P100_parsed.csv,16,157,93,77
1781,60_S17A60P22_parsed.csv,71,207,147,129
1782,54_S17A54P21_parsed.csv,151,281,217,211
1783,58_S17A58P10_parsed.csv,286,327,304,309
1784,4_S17A4P64_parsed.csv,65,402,225,236
1785,4_S17A4P56_parsed.csv,112,365,254,222
1786,37_S17A37P12_parsed.csv,162,364,265,256
1787,34_S17A34P7_parsed.csv,40,336,189,187
1788,25_S17A25P16_parsed.csv,226,617,415,421
1789,16_S17A16P8_parsed.csv,69,355,208,204
1790,7_S17A7P62_parsed.csv,32,146,83,91
1791,7_S17A7P13_parsed.csv,184,588,413,357
1792,29_S17A29P9_parsed.csv,147,481,325,302
1793,36_S17A36P23_parsed.csv,22,245,137,130
1794,1_S17A1P34_parsed.csv,48,498,266,275
1795,31_S17A31P11_parsed.csv,22,200,112,110
1796,3_S17A3P14_parsed.csv,127,488,320,291
1797,24_S17A24P3_parsed.csv,327,953,663,591
1798,50_S17A50P54_parsed.csv,139,308,217,228
1799,44_S17A44P17_parsed.csv,212,606,326,484
1800,60_S17A60P64_parsed.csv,16,29,19,25
1801,53_S17A53P9_parsed.csv,166,416,283,294
1802,36_S17A36P4_parsed.csv,18,140,75,83
1803,28_S17A28P17_parsed.csv,34,81,50,64
1804,29_S17A29P1_parsed.csv,186,595,382,397
1805,18_S17A18P14_parsed.csv,33,234,128,135
1806,46_S17A46P26_parsed.csv,186,359,239,301
1807,36_S17A36P40_parsed.csv,47,344,178,211
1808,40_S17A40P4_parsed.csv,18,181,101,97
1809,19_S17A19P31_parsed.csv,129,592,359,350
1810,20_S17A20P3_parsed.csv,46,239,147,134
1811,18_S17A18P15_parsed.csv,116,719,420,405
1812,6_S17A6P7_parsed.csv,194,719,443,456
1813,2_S17A2P68_parsed.csv,55,187,114,127
1814,10_S17A10P12_parsed.csv,128,578,377,329
1815,4_S17A4P96_parsed.csv,50,245,160,133
1816,1_S17A1P33_parsed.csv,78,388,224,242
1817,51_S17A51P2_parsed.csv,294,629,426,490
1818,31_S17A31P18_parsed.csv,35,310,176,168
1819,3_parsed.csv,256,951,620,584
1820,58_S17A58P4_parsed.csv,149,273,204,215
1821,56_S17A56P22_parsed.csv,78,263,165,172
1822,12_S17A12P10_parsed.csv,168,490,344,311
1823,40_S17A40P43_parsed.csv,28,170,94,104
1824,35_S17A35P33_parsed.csv,70,383,223,224
1825,38_S17A38P46_parsed.csv,109,271,182,193
1826,21_S17A21P22_parsed.csv,62,295,178,174
1827,17_S17A17P2_parsed.csv,79,436,250,259
1828,19_S17A19P2_parsed.csv,70,419,242,243
1829,39_S17A39P29_parsed.csv,130,376,249,250
1830,50_S17A50P11_parsed.csv,149,374,269,251
1831,50_S17A50P37_parsed.csv,124,177,153,141
1832,18_S17A18P33_parsed.csv,52,435,242,238
1833,50_S17A50P35_parsed.csv,167,347,261,250
1834,31_S17A31P9_parsed.csv,69,524,282,308
1835,9_S17A9P27_parsed.csv,121,668,394,394
1836,38_S17A38P52_parsed.csv,142,371,268,243
1837,52_S17A52P28_parsed.csv,58,209,134,129
1838,30_S17A30P16_parsed.csv,190,657,433,410
1839,26_S17A26P10_parsed.csv,177,520,347,341
1840,60_S17A60P42_parsed.csv,21,40,30,31
1841,7_S17A7P11_parsed.csv,236,786,520,495
1842,46_S17A46P1_parsed.csv,171,303,271,197
1843,1_S17A1P38_parsed.csv,25,328,178,172
1844,41_S17A41P16_parsed.csv,113,527,307,327
1845,15_S17A15P21_parsed.csv,98,632,396,329
1846,12_S17A12P22_parsed.csv,322,503,389,429
1847,11_S17A11P27_parsed.csv,24,194,105,112
1848,7_S17A7P42_parsed.csv,17,72,46,43
1849,11_S17A11P25_parsed.csv,113,494,328,274
1850,38_S17A38P15_parsed.csv,101,248,172,173
1851,20_S17A20P10_parsed.csv,144,521,341,318
1852,38_S17A38P51_parsed.csv,301,310,309,300
1853,20_S17A20P44_parsed.csv,18,153,71,100
1854,6_S17A6P15_parsed.csv,81,235,144,172
1855,54_S17A54P27_parsed.csv,47,98,61,82
1856,53_S17A53P27_parsed.csv,223,570,385,407
1857,57_S17A57P7_parsed.csv,142,471,303,300
1858,17_S17A17P19_parsed.csv,50,426,242,229
1859,17_S17A17P27_parsed.csv,42,544,278,307
1860,50_S17A50P9_parsed.csv,140,297,222,213
1861,39_S17A39P35_parsed.csv,113,449,287,274
1862,50_S17A50P59_parsed.csv,209,383,284,305
1863,59_S17A59P29_parsed.csv,73,231,172,128
1864,45_S17A45P8_parsed.csv,119,410,265,249
1865,17_S17A17P9_parsed.csv,104,608,389,323
1866,15_S17A15P5_parsed.csv,102,931,562,461
1867,9_S17A9P3_parsed.csv,90,505,297,283
1868,3_S17A3P10_parsed.csv,60,405,223,239
1869,21_S17A21P26_parsed.csv,65,264,155,170
1870,38_S17A38P54_parsed.csv,32,69,48,52
1871,3_S17A3P36_parsed.csv,164,726,439,449
1872,25_S17A25P23_parsed.csv,206,703,465,434
1873,2_parsed.csv,212,815,522,498
1874,52_S17A52P22_parsed.csv,130,485,308,298
1875,53_S17A53P2_parsed.csv,236,441,292,379
1876,59_S17A59P30_parsed.csv,258,809,509,553
1877,57_S17A57P31_parsed.csv,144,527,356,308
1878,15_S17A15P17_parsed.csv,88,513,298,299
1879,6_S17A6P60_parsed.csv,46,127,75,98
1880,25_S17A25P8_parsed.csv,133,474,291,313
1881,24_S17A24P12_parsed.csv,47,147,103,83
1882,1_S17A1P7_parsed.csv,42,207,111,135
1883,60_S17A60P50_parsed.csv,227,268,259,232
1884,1_S17A1P4_parsed.csv,33,185,106,109
1885,34_S17A34P16_parsed.csv,35,221,115,137
1886,48_S17A48P14_parsed.csv,118,351,213,251
1887,40_S17A40P51_parsed.csv,42,139,89,91
1888,4_S17A4P27_parsed.csv,246,823,559,486
1889,53_S17A53P29_parsed.csv,209,493,298,400
1890,13_S17A13P32_parsed.csv,64,441,248,253
1891,60_S17A60P45_parsed.csv,81,101,79,100
1892,19_S17A19P5_parsed.csv,104,506,307,291
1893,42_S17A42P30_parsed.csv,76,156,106,123
1894,7_S17A7P33_parsed.csv,139,443,296,283
1895,55_S17A55P16_parsed.csv,156,716,454,413
1896,3_S17A3P13_parsed.csv,148,629,390,363
1897,50_S17A50P20_parsed.csv,216,436,323,320
1898,17_S17A17P5_parsed.csv,70,423,239,249
1899,6_S17A6P46_parsed.csv,23,80,52,50
1900,33_S17A33P4_parsed.csv,75,543,310,303
1901,40_S17A40P14_parsed.csv,49,161,111,98
1902,7_S17A7P8_parsed.csv,46,189,125,105
1903,44_S17A44P1_parsed.csv,271,678,355,587
1904,5_S17A5P8_parsed.csv,131,677,394,412
1905,21_S17A21P23_parsed.csv,51,204,117,138
1906,57_S17A57P26_parsed.csv,49,100,79,70
1907,4_S17A4P84_parsed.csv,47,203,134,115
1908,58_S17A58P22_parsed.csv,52,135,99,88
1909,2_S17A2P4_parsed.csv,90,443,261,267
1910,40_S17A40P68_parsed.csv,23,52,31,44
1911,26_S17A26P7_parsed.csv,195,745,475,461
1912,29_S17A29P13_parsed.csv,238,813,538,510
1913,53_S17A53P11_parsed.csv,288,439,337,383
1914,53_S17A53P24_parsed.csv,187,445,307,318
1915,43_S17A43P8_parsed.csv,97,432,251,275
1916,10_S17A10P17_parsed.csv,121,462,307,272
1917,7_S17A7P39_parsed.csv,138,405,290,253
1918,40_S17A40P55_parsed.csv,201,539,364,365
1919,26_S17A26P4_parsed.csv,218,609,431,388
1920,4_S17A4P46_parsed.csv,150,520,320,347
1921,6_S17A6P48_parsed.csv,48,168,107,106
1922,30_S17A30P3_parsed.csv,133,421,287,262
1923,16_S17A16P1_parsed.csv,89,523,325,286
1924,22_S17A22P9_parsed.csv,148,557,359,345
1925,24_S17A24P1_parsed.csv,315,897,614,564
1926,42_S17A42P29_parsed.csv,55,246,142,158
1927,33_S17A33P32_parsed.csv,44,461,242,258
1928,4_S17A4P2_parsed.csv,113,626,361,375
1929,4_S17A4P20_parsed.csv,94,549,319,324
1930,11_S17A11P29_parsed.csv,36,212,129,119
1931,39_S17A39P30_parsed.csv,114,330,196,246
1932,37_S17A37P21_parsed.csv,155,575,362,362
1933,19_S17A19P4_parsed.csv,94,524,306,305
1934,45_S17A45P24_parsed.csv,99,190,126,160
1935,8_S17A8P27_parsed.csv,121,596,355,358
1936,29_S17A29P16_parsed.csv,218,859,549,522
1937,12_S17A12P41_parsed.csv,44,317,189,171
1938,49_S17A49P29_parsed.csv,162,356,256,261
1939,23_S17A23P18_parsed.csv,22,58,36,41
1940,55_S17A55P20_parsed.csv,195,530,364,345
1941,33_S17A33P7_parsed.csv,20,180,102,97
1942,50_S17A50P32_parsed.csv,88,253,160,181
1943,48_S17A48P20_parsed.csv,173,546,346,364
1944,13_S17A13P10_parsed.csv,104,549,317,322
1945,33_S17A33P19_parsed.csv,15,113,62,66
1946,26_S17A26P16_parsed.csv,128,485,298,312
1947,33_S17A33P1_parsed.csv,72,247,164,155
1948,53_S17A53P31_parsed.csv,38,85,55,68
1949,16_S17A16P4_parsed.csv,98,494,313,274
1950,54_S17A54P16_parsed.csv,254,377,300,323
1951,57_S17A57P13_parsed.csv,122,175,141,150
1952,49_S17A49P28_parsed.csv,243,445,356,329
1953,49_S17A49P36_parsed.csv,88,288,168,206
1954,20_S17A20P5_parsed.csv,89,280,174,188
1955,54_S17A54P1_parsed.csv,119,280,197,196
1956,39_S17A39P6_parsed.csv,177,476,309,342
1957,5_S17A5P19_parsed.csv,63,164,100,123
1958,37_S17A37P23_parsed.csv,249,609,433,419
1959,20_S17A20P6_parsed.csv,37,174,100,104
1960,31_S17A31P3_parsed.csv,119,775,425,449
1961,33_S17A33P17_parsed.csv,57,395,235,209
1962,54_S17A54P11_parsed.csv,316,479,363,419
1963,1_S17A1P19_parsed.csv,282,861,555,586
1964,34_S17A34P10_parsed.csv,61,501,296,266
1965,52_S17A52P33_parsed.csv,45,128,78,93
1966,54_S17A54P7_parsed.csv,113,265,187,188
1967,5_S17A5P23_parsed.csv,203,339,280,259
1968,15_S17A15P19_parsed.csv,93,496,316,269
1969,1_S17A1P35_parsed.csv,129,767,464,424
1970,34_S17A34P18_parsed.csv,44,388,241,190
1971,59_S17A59P33_parsed.csv,66,208,125,146
1972,29_S17A29P15_parsed.csv,52,121,85,88
1973,18_S17A18P20_parsed.csv,76,593,329,330
1974,4_S17A4P6_parsed.csv,67,434,254,244
1975,46_S17A46P23_parsed.csv,232,430,310,347
1976,15_S17A15P7_parsed.csv,164,830,545,442
1977,9_S17A9P21_parsed.csv,181,662,399,441
1978,4_S17A4P25_parsed.csv,88,590,341,330
1979,18_S17A18P41_parsed.csv,75,546,306,301
1980,35_S17A35P21_parsed.csv,62,441,261,235
1981,39_S17A39P22_parsed.csv,137,373,270,238
1982,42_S17A42P31_parsed.csv,99,264,157,203
1983,53_S17A53P32_parsed.csv,104,275,181,190
1984,9_S17A9P30_parsed.csv,144,635,385,385
1985,50_S17A50P23_parsed.csv,180,254,214,211
1986,28_S17A28P15_parsed.csv,145,559,379,320
1987,59_S17A59P22_parsed.csv,76,340,185,225
1988,13_S17A13P25_parsed.csv,15,104,62,57
1989,41_S17A41P11_parsed.csv,112,519,327,303
1990,46_S17A46P19_parsed.csv,146,285,203,225
1991,12_S17A12P26_parsed.csv,49,207,120,136
1992,60_S17A60P18_parsed.csv,297,543,369,456
1993,20_S17A20P49_parsed.csv,35,165,84,116
1994,39_S17A39P23_parsed.csv,134,344,231,246
1995,35_S17A35P38_parsed.csv,43,244,131,153
1996,21_S17A21P13_parsed.csv,86,365,214,237
1997,4_S17A4P92_parsed.csv,95,364,253,205
1998,57_S17A57P9_parsed.csv,247,513,362,390
1999,4_S17A4P93_parsed.csv,42,158,93,107
2000,58_S17A58P16_parsed.csv,313,361,327,340
2001,57_S17A57P15_parsed.csv,302,622,426,489
2002,21_S17A21P8_parsed.csv,137,545,299,374
2003,5_S17A5P26_parsed.csv,152,238,212,176
2004,49_S17A49P21_parsed.csv,143,287,215,208
2005,1_S17A1P10_parsed.csv,79,209,152,136
2006,2_S17A2P58_parsed.csv,222,755,478,483
2007,42_S17A42P21_parsed.csv,75,241,156,158
2008,38_S17A38P28_parsed.csv,177,445,320,301
2009,41_S17A41P28_parsed.csv,31,106,68,68
2010,55_S17A55P19_parsed.csv,160,441,315,276
2011,9_S17A9P9_parsed.csv,193,700,427,456
2012,19_S17A19P16_parsed.csv,119,647,395,371
2013,50_S17A50P7_parsed.csv,159,320,238,232
2014,6_S17A6P56_parsed.csv,78,224,161,137
2015,52_S17A52P12_parsed.csv,50,131,89,92
2016,38_S17A38P9_parsed.csv,119,260,189,190
2017,15_S17A15P13_parsed.csv,152,505,339,309
2018,53_S17A53P26_parsed.csv,208,381,289,291
2019,30_S17A30P21_parsed.csv,44,135,89,90
2020,20_S17A20P11_parsed.csv,91,419,248,253
2021,19_S17A19P27_parsed.csv,58,331,204,179
2022,22_S17A22P15_parsed.csv,171,638,387,418
2023,16_S17A16P13_parsed.csv,134,477,313,294
2024,16_S17A16P32_parsed.csv,120,502,323,295
2025,16_S17A16P16_parsed.csv,114,704,444,363
2026,16_S17A16P31_parsed.csv,91,376,223,233
2027,50_S17A50P39_parsed.csv,134,322,236,218
2028,56_S17A56P13_parsed.csv,220,619,390,438
2029,20_S17A20P20_parsed.csv,11,62,42,31
2030,51_S17A51P10_parsed.csv,312,572,423,457
2031,9_S17A9P1_parsed.csv,46,229,138,135
2032,15_S17A15P1_parsed.csv,104,671,405,365
2033,36_S17A36P25_parsed.csv,31,160,99,90
2034,7_S17A7P38_parsed.csv,34,163,99,98
2035,4_S17A4P38_parsed.csv,63,396,245,213
2036,4_S17A4P44_parsed.csv,161,589,390,347
2037,53_S17A53P6_parsed.csv,232,584,368,447
2038,7_S17A7P18_parsed.csv,32,122,73,78
2039,2_S17A2P45_parsed.csv,124,1066,568,618
2040,59_S17A59P19_parsed.csv,88,269,177,174
2041,23_S17A23P1_parsed.csv,65,277,169,172
2042,35_S17A35P24_parsed.csv,38,286,168,152
2043,11_S17A11P8_parsed.csv,123,527,350,296
2044,60_S17A60P52_parsed.csv,102,145,120,125
2045,16_S17A16P30_parsed.csv,99,497,298,298
2046,56_S17A56P4_parsed.csv,171,485,330,318
2047,5_S17A5P30_parsed.csv,325,529,444,392
2048,12_S17A12P3_parsed.csv,111,532,310,328
2049,33_S17A33P34_parsed.csv,12,77,47,42
2050,45_S17A45P15_parsed.csv,88,285,162,209
2051,9_S17A9P14_parsed.csv,140,584,352,366
2052,12_S17A12P31_parsed.csv,56,110,83,80
2053,38_S17A38P58_parsed.csv,129,394,267,250
2054,16_S17A16P2_parsed.csv,81,381,230,230
2055,3_S17A3P27_parsed.csv,77,502,286,289
2056,17_S17A17P1_parsed.csv,104,698,417,377
2057,40_S17A40P62_parsed.csv,40,69,48,60
2058,47_S17A47P3_parsed.csv,171,495,332,327
2059,22_S17A22P22_parsed.csv,190,710,453,447
2060,18_S17A18P16_parsed.csv,78,511,283,305
2061,33_S17A33P5_parsed.csv,19,152,87,83
2062,49_S17A49P13_parsed.csv,154,308,222,234
2063,4_S17A4P43_parsed.csv,107,537,333,308
2064,4_S17A4P85_parsed.csv,55,534,308,280
2065,52_S17A52P18_parsed.csv,153,588,374,359
2066,6_S17A6P36_parsed.csv,270,440,350,347
2067,6_S17A6P52_parsed.csv,136,292,207,212
2068,52_S17A52P15_parsed.csv,171,596,358,409
2069,31_S17A31P20_parsed.csv,23,156,83,95
2070,23_S17A23P12_parsed.csv,148,604,362,386
2071,2_S17A2P22_parsed.csv,227,791,475,539
2072,22_S17A22P23_parsed.csv,121,479,281,311
2073,7_S17A7P16_parsed.csv,246,479,385,337
2074,22_S17A22P14_parsed.csv,136,556,356,336
2075,49_S17A49P37_parsed.csv,23,83,50,56
2076,17_S17A17P25_parsed.csv,126,595,368,350
2077,58_S17A58P6_parsed.csv,186,350,270,259
2078,5_S17A5P12_parsed.csv,126,466,296,296
2079,2_S17A2P46_parsed.csv,250,865,526,585
2080,6_S17A6P31_parsed.csv,55,132,94,93
2081,19_S17A19P20_parsed.csv,133,583,352,343
2082,39_S17A39P17_parsed.csv,313,659,511,461
2083,60_S17A60P59_parsed.csv,31,96,62,60
2084,7_S17A7P25_parsed.csv,113,456,304,255
2085,2_S17A2P61_parsed.csv,365,723,553,530
2086,60_S17A60P33_parsed.csv,261,404,286,373
2087,7_S17A7P55_parsed.csv,115,294,225,183
2088,41_S17A41P25_parsed.csv,217,487,326,368
2089,22_S17A22P20_parsed.csv,138,547,340,345
2090,4_S17A4P40_parsed.csv,62,446,250,258
2091,56_S17A56P25_parsed.csv,185,552,341,387
2092,51_S17A51P21_parsed.csv,223,663,408,474
2093,50_S17A50P31_parsed.csv,120,152,124,148
2094,4_S17A4P74_parsed.csv,83,565,329,319
2095,18_S17A18P28_parsed.csv,61,346,204,200
2096,60_S17A60P49_parsed.csv,88,218,144,157
2097,30_S17A30P10_parsed.csv,87,288,198,175
2098,7_S17A7P17_parsed.csv,270,577,438,403
2099,52_S17A52P4_parsed.csv,139,498,294,340
2100,43_S17A43P1_parsed.csv,244,685,450,467
2101,51_S17A51P8_parsed.csv,160,397,272,272
2102,51_S17A51P7_parsed.csv,250,543,370,418
2103,50_S17A50P53_parsed.csv,80,192,132,140
2104,3_S17A3P37_parsed.csv,135,472,287,309
2105,46_S17A46P9_parsed.csv,166,409,290,283
2106,32_S17A32P6_parsed.csv,89,828,453,455
2107,52_S17A52P5_parsed.csv,164,508,311,353
2108,4_S17A4P45_parsed.csv,213,609,423,399
2109,55_S17A55P23_parsed.csv,58,223,139,141
2110,48_S17A48P2_parsed.csv,108,436,274,266
2111,1_S17A1P23_parsed.csv,45,264,128,177
2112,45_S17A45P7_parsed.csv,109,411,240,274
2113,35_S17A35P16_parsed.csv,97,673,401,363
2114,60_S17A60P47_parsed.csv,32,53,43,42
2115,12_S17A12P13_parsed.csv,245,822,544,513
2116,58_S17A58P12_parsed.csv,54,438,256,233
2117,37_S17A37P5_parsed.csv,173,438,314,291
2118,1_S17A1P11_parsed.csv,165,417,288,286
2119,53_S17A53P8_parsed.csv,198,450,322,316
2120,41_S17A41P18_parsed.csv,179,628,376,428
2121,38_S17A38P11_parsed.csv,152,374,254,266
2122,19_S17A19P21_parsed.csv,16,64,39,41
2123,59_S17A59P27_parsed.csv,15,60,37,38
2124,29_S17A29P2_parsed.csv,120,489,313,295
2125,5_S17A5P14_parsed.csv,109,648,373,379
2126,7_S17A7P61_parsed.csv,20,108,73,55
2127,10_S17A10P6_parsed.csv,109,457,273,293
2128,40_S17A40P3_parsed.csv,23,120,71,71
2129,33_S17A33P20_parsed.csv,65,501,273,288
2130,59_S17A59P20_parsed.csv,25,125,72,78
2131,46_S17A46P25_parsed.csv,133,389,272,247
2132,2_S17A2P43_parsed.csv,83,627,322,368
2133,32_S17A32P12_parsed.csv,158,1061,616,594
2134,51_S17A51P14_parsed.csv,70,243,149,162
2135,16_S17A16P19_parsed.csv,58,324,196,181
2136,18_S17A18P29_parsed.csv,17,122,71,67
2137,4_S17A4P34_parsed.csv,189,648,412,422
2138,48_S17A48P10_parsed.csv,156,504,313,344
2139,39_S17A39P11_parsed.csv,136,427,270,292
2140,59_S17A59P23_parsed.csv,284,556,436,400
2141,4_S17A4P42_parsed.csv,101,433,277,251
2142,56_S17A56P2_parsed.csv,86,138,91,132
2143,35_S17A35P17_parsed.csv,54,482,282,250
2144,48_S17A48P3_parsed.csv,168,632,327,467
2145,8_S17A8P12_parsed.csv,77,323,186,208
2146,55_S17A55P24_parsed.csv,96,515,312,295
2147,25_S17A25P3_parsed.csv,155,581,361,365
2148,31_S17A31P2_parsed.csv,62,466,261,264
2149,39_S17A39P21_parsed.csv,231,614,438,402
2150,30_S17A30P2_parsed.csv,157,490,297,349
2151,22_S17A22P5_parsed.csv,128,556,332,352
2152,54_S17A54P29_parsed.csv,23,27,23,22
2153,46_S17A46P7_parsed.csv,217,609,396,422
2154,30_S17A30P33_parsed.csv,38,99,71,65
2155,45_S17A45P9_parsed.csv,128,422,262,284
2156,39_S17A39P5_parsed.csv,121,471,309,281
2157,42_S17A42P19_parsed.csv,103,260,179,180
2158,5_S17A5P22_parsed.csv,240,367,297,307
2159,55_S17A55P18_parsed.csv,253,656,449,451
2160,31_S17A31P19_parsed.csv,27,116,49,94
2161,4_S17A4P17_parsed.csv,38,325,182,178
2162,45_S17A45P3_parsed.csv,120,255,178,193
2163,42_S17A42P18_parsed.csv,114,351,232,227
2164,19_S17A19P29_parsed.csv,108,431,228,307
2165,11_S17A11P4_parsed.csv,128,563,369,317
2166,7_S17A7P24_parsed.csv,249,443,354,332
2167,29_S17A29P11_parsed.csv,57,192,125,124
2168,7_S17A7P46_parsed.csv,195,314,259,249
2169,5_S17A5P44_parsed.csv,3,44,24,23
2170,60_S17A60P57_parsed.csv,23,90,56,57
2171,12_S17A12P25_parsed.csv,65,188,123,126
2172,7_S17A7P14_parsed.csv,158,489,343,299
2173,2_S17A2P52_parsed.csv,247,718,479,469
2174,49_S17A49P2_parsed.csv,54,111,75,89
2175,31_S17A31P12_parsed.csv,56,426,230,239
2176,5_S17A5P53_parsed.csv,20,80,44,56
2177,46_S17A46P2_parsed.csv,229,568,380,406
2178,43_S17A43P12_parsed.csv,207,794,466,530
2179,54_S17A54P12_parsed.csv,163,368,259,264
2180,15_S17A15P3_parsed.csv,128,784,513,392
2181,29_S17A29P12_parsed.csv,88,388,209,266
2182,40_S17A40P47_parsed.csv,125,475,278,318
2183,54_S17A54P17_parsed.csv,114,286,195,202
2184,37_S17A37P2_parsed.csv,259,587,436,401
2185,58_S17A58P8_parsed.csv,224,288,262,246
2186,1_S17A1P12_parsed.csv,159,396,293,259
2187,33_S17A33P12_parsed.csv,63,440,266,232
2188,32_S17A32P23_parsed.csv,65,537,289,306
2189,50_S17A50P17_parsed.csv,166,301,269,198
2190,4_S17A4P99_parsed.csv,127,1017,551,586
2191,6_S17A6P33_parsed.csv,45,210,126,124
